energy intensity
6.863932999999999993e+03 3.915699400000000052e-03
6.873903000000000247e+03 6.700948800000000247e-03
6.883893000000000029e+03 6.261499900000000104e-03
6.893922999999999774e+03 4.954132499999999717e-03
6.903983000000000175e+03 3.568040000000000187e-03
6.913962999999999738e+03 3.816021900000000043e-03
6.923962999999999738e+03 3.062384599999999797e-03
6.933893000000000029e+03 2.578613500000000169e-03
6.943953000000000429e+03 4.475107500000000149e-04
6.953943000000000211e+03 5.704534499999999720e-05
6.963953000000000429e+03 -7.078852600000000482e-04
6.974002999999999702e+03 -3.174354500000000170e-04
6.983962999999999738e+03 -3.255768100000000173e-04
6.993943000000000211e+03 -1.301256100000000018e-03
7.003962999999999738e+03 -1.490616800000000002e-03
7.013903000000000247e+03 -1.921013000000000061e-03
7.023983000000000175e+03 -3.216615500000000096e-03
7.033972999999999956e+03 -1.741720300000000089e-03
7.043993000000000393e+03 -3.707197800000000022e-03
7.053932999999999993e+03 -4.674049000000000433e-03
7.063893000000000029e+03 -3.419600799999999909e-03
7.073893000000000029e+03 -4.076058500000000195e-03
7.083912999999999556e+03 -2.486712099999999898e-03
7.093962999999999738e+03 -7.261270300000000110e-04
7.094912999999999556e+03 -1.128318400000000036e-03
7.095393000000000029e+03 -9.883324999999999229e-04
7.095863000000000284e+03 -1.725996599999999974e-04
7.096332999999999629e+03 -7.224730900000000261e-04
7.096813000000000102e+03 -5.995399300000000316e-04
7.097283000000000357e+03 -1.938659800000000022e-04
7.097762999999999920e+03 -2.683650299999999983e-04
7.098233000000000175e+03 -4.670363900000000057e-04
7.098712999999999738e+03 1.187332099999999961e-03
7.099182999999999993e+03 5.975853599999999492e-04
7.099662999999999556e+03 6.316615000000000034e-04
7.100132999999999811e+03 1.221093799999999974e-03
7.100603000000000065e+03 7.875587799999999705e-04
7.101082999999999629e+03 1.157305900000000056e-03
7.101552999999999884e+03 2.533615999999999820e-03
7.102033000000000357e+03 1.604085099999999920e-03
7.102502999999999702e+03 2.248808499999999880e-03
7.102983000000000175e+03 2.289873899999999868e-03
7.103453000000000429e+03 3.094529700000000182e-03
7.103932999999999993e+03 3.612998799999999917e-03
7.104403000000000247e+03 3.724370199999999919e-03
7.104882999999999811e+03 3.450570100000000060e-03
7.105363000000000284e+03 4.317752099999999822e-03
7.105832999999999629e+03 4.964505800000000406e-03
7.106313000000000102e+03 6.341668899999999831e-03
7.106783000000000357e+03 5.465149100000000343e-03
7.107262999999999920e+03 6.772754300000000290e-03
7.107733000000000175e+03 7.064248100000000002e-03
7.108212999999999738e+03 7.861303499999999778e-03
7.108682999999999993e+03 8.668878200000000589e-03
7.109162999999999556e+03 8.892300500000000288e-03
7.109643000000000029e+03 1.091674699999999922e-02
7.110113000000000284e+03 1.184064699999999928e-02
7.110592999999999847e+03 1.390235700000000060e-02
7.111063000000000102e+03 1.637385900000000102e-02
7.111542999999999665e+03 2.095454500000000150e-02
7.112023000000000138e+03 2.879655700000000040e-02
7.112493000000000393e+03 3.988701399999999841e-02
7.112972999999999956e+03 5.360854899999999840e-02
7.113453000000000429e+03 6.110455199999999948e-02
7.113922999999999774e+03 7.069319300000000139e-02
7.114403000000000247e+03 7.608525600000000388e-02
7.114882999999999811e+03 7.362974199999999803e-02
7.115353000000000065e+03 6.885821200000000197e-02
7.115832999999999629e+03 6.849979900000000010e-02
7.116313000000000102e+03 6.898025600000000368e-02
7.116783000000000357e+03 7.234506100000000217e-02
7.117262999999999920e+03 7.461671999999999749e-02
7.117743000000000393e+03 7.723830499999999322e-02
7.118222999999999956e+03 8.094018499999999783e-02
7.118693000000000211e+03 8.430209600000000691e-02
7.119172999999999774e+03 9.242928400000000044e-02
7.119653000000000247e+03 1.033481299999999964e-01
7.120122999999999593e+03 1.190813000000000010e-01
7.120603000000000065e+03 1.404655800000000065e-01
7.121082999999999629e+03 1.690938100000000111e-01
7.121563000000000102e+03 2.085411100000000018e-01
7.122033000000000357e+03 2.591205999999999787e-01
7.122512999999999920e+03 3.208533399999999869e-01
7.122993000000000393e+03 3.937399300000000157e-01
7.123472999999999956e+03 4.649240700000000226e-01
7.123953000000000429e+03 5.291393100000000294e-01
7.124422999999999774e+03 5.868637799999999460e-01
7.124903000000000247e+03 6.408403299999999581e-01
7.125382999999999811e+03 6.963660000000000405e-01
7.125863000000000284e+03 7.594217899999999855e-01
7.126342999999999847e+03 8.248809299999999567e-01
7.126823000000000320e+03 8.941713900000000104e-01
7.127292999999999665e+03 9.596665899999999860e-01
7.127773000000000138e+03 1.022408900000000065e+00
7.128252999999999702e+03 1.080435000000000034e+00
7.128733000000000175e+03 1.136554999999999982e+00
7.129212999999999738e+03 1.183765299999999909e+00
7.129693000000000211e+03 1.219217400000000007e+00
7.130172999999999774e+03 1.243965699999999952e+00
7.130643000000000029e+03 1.256321400000000033e+00
7.131122999999999593e+03 1.254817700000000036e+00
7.131603000000000065e+03 1.267829499999999943e+00
7.132082999999999629e+03 1.275929099999999927e+00
7.132563000000000102e+03 1.294675400000000032e+00
7.133042999999999665e+03 1.305177400000000043e+00
7.133523000000000138e+03 1.322379100000000030e+00
7.134002999999999702e+03 1.322414399999999990e+00
7.134483000000000175e+03 1.315564299999999909e+00
7.134962999999999738e+03 1.303837700000000099e+00
7.135443000000000211e+03 1.284667400000000015e+00
7.135922999999999774e+03 1.267511300000000007e+00
7.136403000000000247e+03 1.244146900000000056e+00
7.136882999999999811e+03 1.235601100000000008e+00
7.137363000000000284e+03 1.221550300000000089e+00
7.137842999999999847e+03 1.206990599999999914e+00
7.138323000000000320e+03 1.193280799999999919e+00
7.138802999999999884e+03 1.181251000000000051e+00
7.139283000000000357e+03 1.162309700000000001e+00
7.139762999999999920e+03 1.147653299999999987e+00
7.140243000000000393e+03 1.127526500000000098e+00
7.140722999999999956e+03 1.110461700000000107e+00
7.141203000000000429e+03 1.095040599999999920e+00
7.141682999999999993e+03 1.079305299999999912e+00
7.142162999999999556e+03 1.066049599999999931e+00
7.142643000000000029e+03 1.053107500000000085e+00
7.143122999999999593e+03 1.043441099999999899e+00
7.143603000000000065e+03 1.035065600000000030e+00
7.144082999999999629e+03 1.029259499999999994e+00
7.144563000000000102e+03 1.022434800000000088e+00
7.145042999999999665e+03 1.020636499999999947e+00
7.145523000000000138e+03 1.018052399999999968e+00
7.146002999999999702e+03 1.019196100000000049e+00
7.146493000000000393e+03 1.020768200000000014e+00
7.146972999999999956e+03 1.017748600000000003e+00
7.147453000000000429e+03 1.020196499999999951e+00
7.147932999999999993e+03 1.017877200000000038e+00
7.148412999999999556e+03 1.018577800000000089e+00
7.148893000000000029e+03 1.011319000000000079e+00
7.149372999999999593e+03 1.005827299999999980e+00
7.149863000000000284e+03 9.981929699999999572e-01
7.150342999999999847e+03 9.888571000000000444e-01
7.150823000000000320e+03 9.803696299999999919e-01
7.151302999999999884e+03 9.729832800000000059e-01
7.151783000000000357e+03 9.613561800000000046e-01
7.152262999999999920e+03 9.532954399999999939e-01
7.152752999999999702e+03 9.442176500000000194e-01
7.153233000000000175e+03 9.362462799999999863e-01
7.153712999999999738e+03 9.322985900000000381e-01
7.154193000000000211e+03 9.251434899999999573e-01
7.154672999999999774e+03 9.165226400000000551e-01
7.155162999999999556e+03 9.127110400000000290e-01
7.155643000000000029e+03 9.033581099999999919e-01
7.156122999999999593e+03 8.950071000000000554e-01
7.156603000000000065e+03 8.908613800000000360e-01
7.157092999999999847e+03 8.842639700000000103e-01
7.157573000000000320e+03 8.769321399999999711e-01
7.158052999999999884e+03 8.743867300000000009e-01
7.158542999999999665e+03 8.664494999999999836e-01
7.159023000000000138e+03 8.643864500000000284e-01
7.159502999999999702e+03 8.577695499999999917e-01
7.159983000000000175e+03 8.557724500000000178e-01
7.160472999999999956e+03 8.542729199999999912e-01
7.160953000000000429e+03 8.538407099999999472e-01
7.161432999999999993e+03 8.546247200000000044e-01
7.161922999999999774e+03 8.525698400000000232e-01
7.162403000000000247e+03 8.546839499999999701e-01
7.162882999999999811e+03 8.568641799999999753e-01
7.163372999999999593e+03 8.584732499999999655e-01
7.163853000000000065e+03 8.618268700000000226e-01
7.164332999999999629e+03 8.636434499999999792e-01
7.164823000000000320e+03 8.659278299999999540e-01
7.165302999999999884e+03 8.678632600000000252e-01
7.165792999999999665e+03 8.724570600000000065e-01
7.166273000000000138e+03 8.751240599999999814e-01
7.166752999999999702e+03 8.783904700000000343e-01
7.167243000000000393e+03 8.821176099999999964e-01
7.167722999999999956e+03 8.863271200000000238e-01
7.168212999999999738e+03 8.892152300000000231e-01
7.168693000000000211e+03 8.934181100000000431e-01
7.169172999999999774e+03 8.986863400000000279e-01
7.169662999999999556e+03 9.037101100000000109e-01
7.170143000000000029e+03 9.111913900000000455e-01
7.170632999999999811e+03 9.182660099999999659e-01
7.171113000000000284e+03 9.260987800000000103e-01
7.171603000000000065e+03 9.323174699999999815e-01
7.172082999999999629e+03 9.403624800000000006e-01
7.172573000000000320e+03 9.471387700000000187e-01
7.173052999999999884e+03 9.544634899999999700e-01
7.173542999999999665e+03 9.658021399999999757e-01
7.174023000000000138e+03 9.726912699999999967e-01
7.174512999999999920e+03 9.846937199999999946e-01
7.174993000000000393e+03 9.945493399999999484e-01
7.175483000000000175e+03 1.007045500000000038e+00
7.175962999999999738e+03 1.015944799999999981e+00
7.176453000000000429e+03 1.015106199999999959e+00
7.176932999999999993e+03 1.023626900000000006e+00
7.177422999999999774e+03 1.030787099999999956e+00
7.177903000000000247e+03 1.036080200000000007e+00
7.178393000000000029e+03 1.037672799999999951e+00
7.178872999999999593e+03 1.043115599999999921e+00
7.179363000000000284e+03 1.043266500000000097e+00
7.179853000000000065e+03 1.048011299999999979e+00
7.180332999999999629e+03 1.049620100000000056e+00
7.180823000000000320e+03 1.052808699999999931e+00
7.181302999999999884e+03 1.055267600000000083e+00
7.181792999999999665e+03 1.054619699999999938e+00
7.182283000000000357e+03 1.055635899999999960e+00
7.182762999999999920e+03 1.056144799999999995e+00
7.183252999999999702e+03 1.054451299999999980e+00
7.183733000000000175e+03 1.053303499999999948e+00
7.184222999999999956e+03 1.057335200000000031e+00
7.184712999999999738e+03 1.056727799999999995e+00
7.185193000000000211e+03 1.051154900000000003e+00
7.185682999999999993e+03 1.052763099999999952e+00
7.186172999999999774e+03 1.049513900000000000e+00
7.186653000000000247e+03 1.052085900000000018e+00
7.187143000000000029e+03 1.051494600000000057e+00
7.187632999999999811e+03 1.050298299999999907e+00
7.188122999999999593e+03 1.049279499999999921e+00
7.188603000000000065e+03 1.052951799999999993e+00
7.189092999999999847e+03 1.049148399999999981e+00
7.189582999999999629e+03 1.049675399999999925e+00
7.190063000000000102e+03 1.046856400000000020e+00
7.190552999999999884e+03 1.046173599999999926e+00
7.191042999999999665e+03 1.049481700000000073e+00
7.191533000000000357e+03 1.045660999999999952e+00
7.192012999999999920e+03 1.043093499999999896e+00
7.192502999999999702e+03 1.044321800000000078e+00
7.192993000000000393e+03 1.043450100000000047e+00
7.193483000000000175e+03 1.044291000000000080e+00
7.193962999999999738e+03 1.040044900000000050e+00
7.194943000000000211e+03 1.037250199999999900e+00
7.196773000000000138e+03 1.029192000000000107e+00
7.198603000000000065e+03 1.020563499999999957e+00
7.200563000000000102e+03 1.015311700000000039e+00
7.202393000000000029e+03 1.005065400000000109e+00
7.204353000000000065e+03 1.001105300000000087e+00
7.206302999999999884e+03 9.901147599999999827e-01
7.208262999999999920e+03 9.844810499999999687e-01
7.210222999999999956e+03 9.823755299999999968e-01
7.212313000000000102e+03 9.822014000000000022e-01
7.214273000000000138e+03 9.802340000000000497e-01
7.216353000000000065e+03 9.821741600000000183e-01
7.218443000000000211e+03 9.839758100000000063e-01
7.220533000000000357e+03 9.893340299999999754e-01
7.222622999999999593e+03 9.917535499999999837e-01
7.224712999999999738e+03 9.940622599999999753e-01
7.226802999999999884e+03 9.940899300000000105e-01
7.229023000000000138e+03 9.961022600000000171e-01
7.231243000000000393e+03 9.941058299999999681e-01
7.233462999999999738e+03 9.916384799999999888e-01
7.235682999999999993e+03 9.913227900000000092e-01
7.237903000000000247e+03 9.907711300000000554e-01
7.240252999999999702e+03 9.933224200000000392e-01
7.242483000000000175e+03 9.946360699999999833e-01
7.244832999999999629e+03 9.920587199999999495e-01
7.247182999999999993e+03 9.903888400000000480e-01
7.249533000000000357e+03 9.856379199999999452e-01
7.251893000000000029e+03 9.854240100000000169e-01
7.254243000000000393e+03 9.815115899999999893e-01
7.256733000000000175e+03 9.830465800000000032e-01
7.259092999999999847e+03 9.892897999999999969e-01
7.261573000000000320e+03 9.939114700000000191e-01
7.264063000000000102e+03 1.002974100000000091e+00
7.266552999999999884e+03 1.005584199999999928e+00
7.269042999999999665e+03 1.008870200000000050e+00
7.271662999999999556e+03 1.012310199999999938e+00
7.274162999999999556e+03 1.015861499999999973e+00
7.276783000000000357e+03 1.015365499999999921e+00
7.279403000000000247e+03 1.019008300000000089e+00
7.282033000000000357e+03 1.020438299999999909e+00
7.284662999999999556e+03 1.024044500000000024e+00
7.287283000000000357e+03 1.024064300000000038e+00
7.290042999999999665e+03 1.021984599999999910e+00
7.292682999999999993e+03 1.019592300000000007e+00
7.295443000000000211e+03 1.019249300000000025e+00
7.298203000000000429e+03 1.013236800000000049e+00
7.300972999999999956e+03 1.012108599999999914e+00
7.303733000000000175e+03 1.008385400000000098e+00
7.306502999999999702e+03 1.002262699999999951e+00
7.309403000000000247e+03 9.975774800000000164e-01
7.312302999999999884e+03 9.939787799999999507e-01
7.315082999999999629e+03 9.899993000000000265e-01
7.317993000000000393e+03 9.872899000000000536e-01
7.320893000000000029e+03 9.815301199999999504e-01
7.323802999999999884e+03 9.800960300000000069e-01
7.326842999999999847e+03 9.824192699999999556e-01
7.329762999999999920e+03 9.845645800000000225e-01
7.332802999999999884e+03 9.905291600000000196e-01
7.335853000000000065e+03 9.986805100000000213e-01
7.338903000000000247e+03 1.001460000000000017e+00
7.341953000000000429e+03 1.006775399999999987e+00
7.345012999999999920e+03 1.009733200000000108e+00
7.348063000000000102e+03 1.015197700000000092e+00
7.351252999999999702e+03 1.010517700000000074e+00
7.354313000000000102e+03 1.012084900000000065e+00
7.357512999999999920e+03 1.009055299999999988e+00
7.360703000000000429e+03 1.007387800000000055e+00
7.363903000000000247e+03 1.004461100000000107e+00
7.367113000000000284e+03 1.002701400000000076e+00
7.370313000000000102e+03 9.992908799999999925e-01
7.373653000000000247e+03 9.979808399999999802e-01
7.376863000000000284e+03 9.940908099999999914e-01
7.380203000000000429e+03 9.957171000000000216e-01
7.383552999999999884e+03 9.960218800000000261e-01
7.386893000000000029e+03 9.936532399999999932e-01
7.390252999999999702e+03 9.943933000000000355e-01
7.393603000000000065e+03 9.940058899999999475e-01
7.397092999999999847e+03 9.968922000000000061e-01
7.400453000000000429e+03 9.971683300000000472e-01
7.403943000000000211e+03 9.988920000000000021e-01
7.407443000000000211e+03 1.002586900000000059e+00
7.410943000000000211e+03 1.006252600000000053e+00
7.414453000000000429e+03 1.006642899999999896e+00
7.417962999999999738e+03 1.009214300000000009e+00
7.421472999999999956e+03 1.009273400000000098e+00
7.425113000000000284e+03 1.007727400000000051e+00
7.428632999999999811e+03 1.005898500000000029e+00
7.432283000000000357e+03 1.003402799999999928e+00
7.435943000000000211e+03 1.002316900000000066e+00
7.439603000000000065e+03 1.000221800000000050e+00
7.443262999999999920e+03 9.958469100000000296e-01
7.446932999999999993e+03 9.953148499999999732e-01
7.450733000000000175e+03 9.946109699999999831e-01
7.454412999999999556e+03 9.925444900000000015e-01
7.458222999999999956e+03 9.944199599999999917e-01
7.462033000000000357e+03 9.931465699999999508e-01
7.465853000000000065e+03 9.939571999999999852e-01
7.469672999999999774e+03 9.962195299999999643e-01
7.473502999999999702e+03 9.978819500000000176e-01
7.477332999999999629e+03 9.986813900000000022e-01
7.481162999999999556e+03 9.999572500000000197e-01
7.485132999999999811e+03 1.000280999999999976e+00
7.488983000000000175e+03 9.999900200000000350e-01
7.492962999999999738e+03 1.001013099999999989e+00
7.496943000000000211e+03 1.000424800000000003e+00
7.500932999999999993e+03 1.001181000000000099e+00
7.504922999999999774e+03 1.000488599999999950e+00
7.508922999999999774e+03 9.984421999999999464e-01
7.513052999999999884e+03 1.002179900000000012e+00
7.517063000000000102e+03 1.000418299999999983e+00
7.521212999999999738e+03 9.977716100000000310e-01
7.525353000000000065e+03 9.998105499999999646e-01
7.529372999999999593e+03 9.993893799999999938e-01
7.533533000000000357e+03 9.991468999999999490e-01
7.537832999999999629e+03 9.976457800000000375e-01
7.542002999999999702e+03 9.988966700000000420e-01
7.546172999999999774e+03 9.986350899999999475e-01
7.550353000000000065e+03 9.992922199999999533e-01
7.554672999999999774e+03 9.992406499999999525e-01
7.558993000000000393e+03 9.985115799999999542e-01
7.563182999999999993e+03 9.983013099999999973e-01
7.567523000000000138e+03 9.982402299999999506e-01
7.571853000000000065e+03 9.983394599999999564e-01
7.576332999999999629e+03 9.971096299999999690e-01
7.580682999999999993e+03 9.983314699999999986e-01
7.585042999999999665e+03 9.989194500000000421e-01
7.589533000000000357e+03 1.000013800000000064e+00
7.593903000000000247e+03 9.992639700000000014e-01
7.598403000000000247e+03 1.000463199999999997e+00
7.602912999999999556e+03 9.989635300000000440e-01
7.607432999999999993e+03 9.993952699999999467e-01
7.611953000000000429e+03 9.987641200000000330e-01
7.616483000000000175e+03 9.983178299999999616e-01
7.621023000000000138e+03 9.992493799999999649e-01
7.625563000000000102e+03 9.993000600000000455e-01
7.630243000000000393e+03 1.000251500000000071e+00
7.634792999999999665e+03 1.000010700000000030e+00
7.639483000000000175e+03 1.000224400000000013e+00
7.644182999999999993e+03 9.988827099999999515e-01
7.648893000000000029e+03 9.988846599999999798e-01
7.653603000000000065e+03 9.990131399999999662e-01
7.658323000000000320e+03 9.990206499999999545e-01
7.663052999999999884e+03 9.984513299999999703e-01
7.667783000000000357e+03 9.980737800000000215e-01
7.672662999999999556e+03 9.979006099999999657e-01
7.677403000000000247e+03 9.986076999999999870e-01
7.682292999999999665e+03 9.977137299999999653e-01
7.687182999999999993e+03 9.995283999999999835e-01
7.691943000000000211e+03 9.991712200000000266e-01
7.696853000000000065e+03 1.000498499999999957e+00
7.701773000000000138e+03 1.000589399999999962e+00
7.706693000000000211e+03 1.000917999999999974e+00
7.711762999999999920e+03 1.000484399999999940e+00
7.716693000000000211e+03 1.001085299999999956e+00
7.721632999999999811e+03 1.000769299999999973e+00
7.726722999999999956e+03 1.001378199999999996e+00
7.731823000000000320e+03 1.002339899999999950e+00
7.736783000000000357e+03 1.000478900000000060e+00
7.741893000000000029e+03 1.000697799999999971e+00
7.747012999999999920e+03 1.001537300000000075e+00
7.752132999999999811e+03 9.997759600000000191e-01
7.757262999999999920e+03 1.000096000000000096e+00
7.762403000000000247e+03 1.000055499999999986e+00
7.767693000000000211e+03 9.990753799999999574e-01
7.772842999999999847e+03 9.998731899999999673e-01
7.778143000000000029e+03 9.989306399999999808e-01
7.783313000000000102e+03 9.995232899999999532e-01
7.788622999999999593e+03 1.000414700000000101e+00
7.793953000000000429e+03 1.001033899999999921e+00
7.799143000000000029e+03 1.001422199999999929e+00
7.804483000000000175e+03 1.000944000000000056e+00
7.809823000000000320e+03 1.002599800000000041e+00
7.815182999999999993e+03 1.000668499999999961e+00
7.820693000000000211e+03 1.001321499999999975e+00
7.826063000000000102e+03 1.000991500000000034e+00
7.831432999999999993e+03 1.001480099999999984e+00
7.836972999999999956e+03 1.002054500000000070e+00
7.842363000000000284e+03 1.000776899999999969e+00
7.847912999999999556e+03 1.000416799999999995e+00
7.853462999999999738e+03 1.000608100000000000e+00
7.859033000000000357e+03 1.001794800000000096e+00
7.864603000000000065e+03 1.000234599999999974e+00
7.870182999999999993e+03 1.000134599999999985e+00
7.875762999999999920e+03 1.000238799999999983e+00
7.881363000000000284e+03 9.980276700000000334e-01
7.886972999999999956e+03 1.000078500000000092e+00
7.892582999999999629e+03 9.996392299999999898e-01
7.898353000000000065e+03 9.985498200000000324e-01
7.903983000000000175e+03 1.000219699999999934e+00
7.909762999999999920e+03 9.998499499999999873e-01
