energy intensity
7.089885000000000218e+03 -1.144894000000000250e-03
7.089885999999999513e+03 -3.018658000000000018e-03
7.089912000000000262e+03 -4.609918999999999649e-03
7.089984000000000378e+03 -4.904341000000000429e-03
7.090072000000000116e+03 -4.312232000000000044e-03
7.090169000000000779e+03 -2.517202000000000068e-03
7.090275000000000546e+03 -4.523107000000000169e-03
7.090377000000000407e+03 -6.737438000000000107e-03
7.090480999999999767e+03 -4.799422999999999710e-03
7.090578999999999724e+03 -5.864672999999999935e-03
7.090681999999999789e+03 -4.968377000000000383e-03
7.090787999999999556e+03 -1.729220999999999970e-03
7.090887999999999920e+03 -3.379191000000000139e-03
7.090989999999999782e+03 -7.302310999999999698e-03
7.091085000000000036e+03 -6.504015000000000143e-03
7.091180999999999585e+03 -1.935359999999999902e-03
7.091279000000000451e+03 -3.812172999999999864e-03
7.091371000000000095e+03 -3.445183000000000099e-03
7.091469000000000051e+03 -2.601917000000000032e-03
7.091565000000000509e+03 -4.330984000000000396e-03
7.091664999999999964e+03 -5.544636999999999830e-03
7.091764999999999418e+03 -3.732581999999999914e-03
7.091859000000000378e+03 1.361115999999999997e-04
7.091956999999999425e+03 1.126522999999999988e-04
7.092052999999999884e+03 -5.931839000000000382e-03
7.092153999999999542e+03 -4.288173999999999632e-03
7.092256999999999607e+03 -3.706974000000000033e-03
7.092355999999999767e+03 -2.222402000000000058e-03
7.092463000000000648e+03 -4.876713999999999875e-03
7.092564000000000306e+03 5.331567000000000381e-04
7.092666000000000167e+03 -3.810490000000000144e-03
7.092768000000000029e+03 -3.259382999999999812e-03
7.092867000000000189e+03 -3.739433999999999814e-03
7.092971000000000458e+03 -3.855463999999999853e-03
7.093067000000000007e+03 -4.822896000000000127e-03
7.093163999999999760e+03 -2.265914999999999856e-03
7.093257999999999811e+03 -5.217229000000000528e-04
7.093352000000000771e+03 -4.576306999999999944e-03
7.093454000000000633e+03 -4.995737000000000094e-03
7.093554000000000087e+03 -2.746052000000000128e-03
7.093654999999999745e+03 -1.024748000000000022e-03
7.093755000000000109e+03 -1.958980999999999830e-03
7.093850999999999658e+03 -3.836890999999999826e-03
7.093950000000000728e+03 6.197505000000000288e-04
7.094048999999999978e+03 -1.272050000000000047e-03
7.094153000000000247e+03 -4.152275999999999884e-03
7.094257999999999811e+03 -1.276715000000000098e-03
7.094363999999999578e+03 7.927385000000000334e-05
7.094472999999999956e+03 -8.892582999999999694e-04
7.094572999999999411e+03 -5.564095999999999929e-04
7.094677999999999884e+03 -5.195086000000000018e-04
7.094782999999999447e+03 -9.139404000000000495e-04
7.094885999999999513e+03 -3.049973000000000094e-03
7.094990999999999985e+03 -3.735744000000000044e-03
7.095087999999999738e+03 -1.142037999999999951e-03
7.095186999999999898e+03 -1.264429000000000074e-03
7.095283000000000357e+03 -4.599724000000000347e-03
7.095380999999999403e+03 -1.959798000000000009e-03
7.095481999999999971e+03 -2.171770999999999858e-03
7.095582000000000335e+03 -1.688271000000000086e-03
7.095686999999999898e+03 -3.216458000000000164e-04
7.095786999999999352e+03 -2.863545000000000109e-04
7.095884000000000015e+03 -5.045685000000000274e-03
7.095983000000000175e+03 6.913839000000000399e-04
7.096081000000000131e+03 1.671725999999999898e-03
7.096189999999999600e+03 -2.128772000000000021e-04
7.096295999999999367e+03 -3.702682000000000109e-03
7.096396999999999935e+03 -1.764044999999999893e-03
7.096498999999999796e+03 -3.296830000000000078e-05
7.096596999999999753e+03 2.662023999999999814e-03
7.096703999999999724e+03 -2.187524000000000152e-03
7.096804999999999382e+03 3.183305999999999896e-03
7.096904000000000451e+03 2.318857000000000015e-04
7.097002999999999702e+03 -7.086840000000000066e-04
7.097096999999999753e+03 -5.337011999999999919e-04
7.097194000000000415e+03 3.333355999999999938e-05
7.097287999999999556e+03 5.531232000000000509e-04
7.097384000000000015e+03 -2.394481999999999861e-03
7.097483999999999469e+03 -3.549151999999999862e-04
7.097582000000000335e+03 2.210245000000000005e-03
7.097685000000000400e+03 -3.115581000000000080e-03
7.097780999999999949e+03 1.403008999999999984e-03
7.097877000000000407e+03 -3.855272999999999773e-04
7.097976999999999862e+03 -6.578288000000000061e-04
7.098078000000000429e+03 -1.230119000000000004e-03
7.098185000000000400e+03 1.537006999999999957e-03
7.098286000000000058e+03 -1.105672000000000035e-03
7.098389000000000124e+03 -2.320843999999999858e-03
7.098492000000000189e+03 2.164465999999999873e-03
7.098590999999999440e+03 3.908421000000000031e-04
7.098695999999999913e+03 2.045788000000000207e-03
7.098796000000000276e+03 -2.024242999999999789e-03
7.098899000000000342e+03 1.951239000000000012e-03
7.098998999999999796e+03 8.919264000000000532e-04
7.099092999999999847e+03 -1.536094000000000001e-05
7.099190999999999804e+03 -1.981021000000000019e-04
7.099287000000000262e+03 1.587712999999999928e-03
7.099386999999999716e+03 4.020361000000000073e-03
7.099490000000000691e+03 -1.353983000000000009e-03
7.099588999999999942e+03 1.409326000000000025e-03
7.099690999999999804e+03 4.350090000000000033e-03
7.099789999999999964e+03 2.464577999999999902e-05
7.099891000000000531e+03 2.488443999999999812e-03
7.099993000000000393e+03 2.697348000000000020e-03
7.100096999999999753e+03 3.215813999999999999e-03
7.100207000000000335e+03 1.687237999999999976e-03
7.100313000000000102e+03 -5.832224999999999476e-04
7.100418999999999869e+03 2.869605999999999806e-03
7.100520000000000437e+03 -1.164455999999999911e-03
7.100622000000000298e+03 2.192166000000000112e-04
7.100730000000000473e+03 2.546919999999999826e-03
7.100831999999999425e+03 5.375811999999999778e-03
7.100935999999999694e+03 -6.401249000000000348e-04
7.101034000000000560e+03 4.602776000000000263e-03
7.101128999999999905e+03 2.183217999999999791e-03
7.101228000000000065e+03 1.173386999999999911e-03
7.101327000000000226e+03 -1.357740000000000075e-03
7.101429999999999382e+03 2.245799000000000146e-03
7.101530000000000655e+03 9.407143999999999229e-03
7.101630000000000109e+03 -1.230462999999999999e-03
7.101731999999999971e+03 2.144519000000000113e-03
7.101827000000000226e+03 1.460794999999999975e-03
7.101925999999999476e+03 -1.788234000000000091e-03
7.102027000000000044e+03 6.176484000000000314e-03
7.102131000000000313e+03 2.244362000000000180e-03
7.102238999999999578e+03 7.055811999999999848e-03
7.102338999999999942e+03 6.826762999999999582e-03
7.102442000000000007e+03 -1.141717999999999900e-03
7.102539999999999964e+03 7.616958000000000062e-03
7.102642000000000735e+03 4.292235000000000147e-03
7.102746000000000095e+03 5.109942999999999604e-03
7.102842999999999847e+03 7.701389999999999798e-03
7.102943000000000211e+03 1.964257999999999976e-02
7.103036000000000058e+03 2.281642999999999866e-02
7.103131999999999607e+03 1.744572999999999957e-02
7.103229999999999563e+03 9.936448000000000502e-03
7.103326000000000022e+03 6.373603000000000254e-03
7.103427999999999884e+03 6.166732000000000290e-03
7.103528000000000247e+03 3.514723999999999886e-03
7.103627000000000407e+03 7.757593999999999601e-03
7.103725999999999658e+03 6.806160999999999808e-03
7.103819999999999709e+03 4.016368999999999669e-03
7.103922999999999774e+03 6.315531999999999570e-03
7.104023000000000138e+03 2.933374999999999785e-03
7.104127000000000407e+03 6.143878999999999660e-03
7.104231999999999971e+03 3.119133000000000062e-03
7.104329999999999927e+03 4.918126000000000095e-03
7.104436999999999898e+03 6.867385999999999630e-03
7.104538999999999760e+03 4.624297999999999777e-03
7.104639999999999418e+03 3.738998999999999795e-03
7.104742000000000189e+03 6.174986000000000363e-03
7.104840000000000146e+03 6.003266999999999631e-03
7.104939999999999600e+03 5.036958000000000234e-03
7.105036000000000058e+03 7.307937999999999934e-03
7.105132000000000517e+03 6.851382999999999952e-03
7.105231999999999971e+03 5.344174999999999620e-03
7.105329999999999927e+03 6.862227999999999731e-03
7.105434999999999491e+03 4.343401999999999680e-03
7.105534999999999854e+03 6.886488999999999978e-03
7.105634000000000015e+03 3.828605000000000116e-03
7.105735999999999876e+03 7.873009999999999731e-03
7.105833999999999833e+03 7.447101000000000241e-03
7.105940000000000509e+03 4.439715999999999801e-03
7.106042999999999665e+03 8.065206999999999585e-03
7.106148000000000138e+03 9.365556000000000575e-03
7.106253999999999905e+03 8.410086000000000644e-03
7.106355999999999767e+03 7.488037000000000339e-03
7.106461000000000240e+03 9.940954000000000110e-03
7.106563000000000102e+03 8.923273000000000663e-03
7.106667999999999665e+03 4.212692999999999993e-03
7.106770000000000437e+03 8.109422999999999285e-03
7.106865999999999985e+03 6.722561000000000161e-03
7.106965000000000146e+03 9.349293999999999313e-03
7.107057999999999993e+03 4.655178999999999741e-03
7.107155999999999949e+03 1.232834000000000013e-02
7.107257999999999811e+03 8.392679000000000111e-03
7.107355000000000473e+03 7.684085999999999694e-03
7.107457000000000335e+03 7.758646999999999593e-03
7.107551999999999680e+03 1.111066999999999957e-02
7.107649000000000342e+03 1.274649999999999915e-02
7.107747999999999593e+03 8.953173000000000034e-03
7.107844000000000051e+03 1.173063000000000057e-02
7.107947000000000116e+03 1.068546000000000079e-02
7.108046999999999571e+03 8.518641999999999881e-03
7.108151999999999134e+03 1.097592000000000012e-02
7.108253999999999905e+03 1.466935999999999934e-02
7.108350999999999658e+03 1.321975000000000060e-02
7.108454999999999927e+03 1.020219999999999981e-02
7.108555000000000291e+03 1.104703999999999929e-02
7.108657000000000153e+03 8.939229999999999399e-03
7.108757999999999811e+03 9.681169999999999359e-03
7.108851999999999862e+03 1.393996999999999944e-02
7.108947999999999411e+03 1.139318999999999922e-02
7.109041999999999462e+03 1.192754000000000036e-02
7.109139000000000124e+03 1.270802000000000043e-02
7.109237000000000080e+03 1.508543000000000037e-02
7.109335000000000036e+03 1.410306000000000060e-02
7.109438000000000102e+03 1.266348999999999947e-02
7.109532000000000153e+03 1.410520000000000003e-02
7.109630000000000109e+03 1.593922999999999868e-02
7.109726000000000568e+03 1.616133999999999973e-02
7.109822999999999411e+03 1.197465999999999982e-02
7.109931999999999789e+03 1.471362000000000017e-02
7.110034999999999854e+03 1.754564000000000124e-02
7.110137999999999920e+03 1.400188999999999948e-02
7.110240999999999985e+03 1.468602999999999922e-02
7.110341000000000349e+03 1.518437000000000085e-02
7.110445000000000618e+03 2.023072999999999885e-02
7.110547000000000480e+03 1.909844999999999945e-02
7.110649999999999636e+03 1.905308000000000002e-02
7.110751999999999498e+03 2.319302000000000169e-02
7.110850000000000364e+03 2.340642999999999890e-02
7.110948999999999614e+03 2.342692000000000038e-02
7.111041000000000167e+03 2.425704000000000055e-02
7.111140999999999622e+03 2.678223000000000062e-02
7.111243999999999687e+03 2.637718999999999828e-02
7.111346000000000458e+03 3.062840000000000007e-02
7.111452000000000226e+03 3.687278000000000083e-02
7.111547999999999774e+03 3.506966000000000250e-02
7.111648000000000138e+03 4.153114000000000111e-02
7.111747000000000298e+03 4.429091999999999751e-02
7.111849999999999454e+03 5.174299999999999733e-02
7.111957000000000335e+03 5.114588999999999941e-02
7.112059999999999491e+03 5.708815999999999891e-02
7.112166000000000167e+03 6.405618000000000423e-02
7.112268000000000029e+03 6.342915000000000358e-02
7.112368000000000393e+03 7.096020000000000105e-02
7.112472000000000662e+03 7.086541000000000368e-02
7.112570999999999913e+03 7.119530999999999776e-02
7.112676000000000386e+03 7.294580999999999982e-02
7.112775999999999840e+03 7.125065999999999344e-02
7.112869999999999891e+03 7.560126999999999819e-02
7.112966000000000349e+03 7.148527999999999827e-02
7.113057000000000698e+03 7.131223999999999896e-02
7.113158000000000357e+03 6.697475999999999430e-02
7.113256999999999607e+03 6.810062999999999533e-02
7.113354000000000269e+03 6.255658999999999526e-02
7.113456000000000131e+03 6.314835000000000587e-02
7.113548999999999978e+03 6.204346000000000166e-02
7.113648000000000138e+03 6.556425000000000447e-02
7.113746000000000095e+03 6.665253999999999623e-02
7.113842999999999847e+03 6.222093000000000068e-02
7.113946999999999207e+03 7.271869999999999723e-02
7.114048999999999978e+03 6.544387999999999594e-02
7.114154000000000451e+03 6.977487000000000272e-02
7.114255000000000109e+03 7.066437000000000412e-02
7.114351999999999862e+03 6.582172999999999496e-02
7.114455000000000837e+03 6.856608000000000147e-02
7.114556999999999789e+03 6.702608999999999650e-02
7.114658000000000357e+03 7.010887000000000369e-02
7.114753999999999905e+03 6.200956999999999997e-02
7.114847999999999956e+03 6.691822999999999522e-02
7.114944999999999709e+03 6.240369999999999945e-02
7.115038000000000466e+03 5.831996999999999876e-02
7.115137999999999920e+03 6.213587000000000277e-02
7.115236000000000786e+03 6.067379999999999995e-02
7.115335000000000036e+03 6.558922999999999837e-02
7.115439000000000306e+03 5.989388999999999824e-02
7.115535000000000764e+03 5.796462000000000142e-02
7.115632999999999811e+03 6.132533999999999902e-02
7.115731000000000677e+03 6.064478000000000230e-02
7.115834000000000742e+03 6.414105999999999974e-02
7.115939000000000306e+03 6.497036000000000477e-02
7.116041000000000167e+03 6.745631000000000543e-02
7.116148000000000138e+03 6.763233000000000439e-02
7.116248999999999796e+03 6.726123999999999992e-02
7.116350999999999658e+03 7.199413999999999814e-02
7.116457999999999629e+03 7.209071000000000229e-02
7.116558999999999287e+03 7.754142999999999453e-02
7.116662000000000262e+03 8.215047000000000321e-02
7.116761000000000422e+03 9.107600000000000418e-02
7.116857999999999265e+03 8.997064999999999924e-02
7.116956000000000131e+03 9.278081000000000522e-02
7.117052999999999884e+03 1.008708999999999995e-01
7.117155999999999949e+03 1.086900999999999978e-01
7.117257000000000517e+03 1.118545999999999985e-01
7.117358000000000175e+03 1.205743999999999982e-01
7.117457999999999629e+03 1.294693000000000094e-01
7.117556000000000495e+03 1.409872000000000070e-01
7.117657999999999447e+03 1.431263000000000118e-01
7.117757999999999811e+03 1.556257000000000057e-01
7.117861000000000786e+03 1.609800999999999871e-01
7.117967000000000553e+03 1.740317000000000114e-01
7.118067000000000007e+03 1.800221999999999933e-01
7.118172999999999774e+03 1.924801999999999902e-01
7.118274999999999636e+03 2.039845000000000130e-01
7.118373000000000502e+03 2.129946000000000061e-01
7.118475000000000364e+03 2.265564999999999940e-01
7.118573999999999614e+03 2.346785000000000121e-01
7.118674999999999272e+03 2.515061000000000102e-01
7.118770999999999731e+03 2.651233000000000062e-01
7.118862000000000080e+03 2.866907000000000205e-01
7.118957000000000335e+03 2.961532000000000053e-01
7.119050999999999476e+03 3.099905000000000022e-01
7.119153000000000247e+03 3.275142999999999804e-01
7.119251000000000204e+03 3.432961999999999958e-01
7.119347999999999956e+03 3.615824999999999734e-01
7.119445999999999913e+03 3.767764000000000113e-01
7.119538999999999760e+03 3.967357000000000244e-01
7.119639000000000124e+03 4.115685000000000038e-01
7.119738000000000284e+03 4.257340000000000013e-01
7.119837999999999738e+03 4.406403999999999876e-01
7.119943000000000211e+03 4.581223999999999852e-01
7.120042999999999665e+03 4.740146000000000082e-01
7.120145999999999731e+03 4.911169000000000229e-01
7.120243999999999687e+03 5.054659999999999709e-01
7.120342999999999847e+03 5.245608000000000493e-01
7.120447000000000116e+03 5.310863999999999585e-01
7.120546000000000276e+03 5.453827999999999454e-01
7.120646999999999935e+03 5.625826000000000437e-01
7.120740999999999985e+03 5.772667999999999688e-01
7.120834999999999127e+03 5.846135999999999555e-01
7.120932999999999993e+03 6.071484000000000325e-01
7.121029000000000451e+03 6.203786000000000023e-01
7.121130000000000109e+03 6.295081999999999622e-01
7.121228999999999360e+03 6.438251999999999864e-01
7.121328000000000429e+03 6.622481000000000062e-01
7.121429000000000087e+03 6.691848000000000241e-01
7.121524000000000342e+03 6.754592999999999847e-01
7.121623999999999796e+03 6.944635000000000113e-01
7.121724999999999454e+03 7.032367999999999952e-01
7.121827999999999520e+03 7.168799000000000143e-01
7.121935999999999694e+03 7.248586000000000196e-01
7.122037999999999556e+03 7.372543999999999764e-01
7.122143999999999323e+03 7.492393000000000525e-01
7.122246999999999389e+03 7.573210999999999693e-01
7.122349000000000160e+03 7.752132000000000467e-01
7.122454000000000633e+03 7.809951000000000532e-01
7.122554000000000087e+03 7.956495000000000095e-01
7.122657000000000153e+03 8.029648000000000341e-01
7.122753999999999905e+03 8.138602000000000336e-01
7.122849999999999454e+03 8.245856999999999770e-01
7.122947000000000116e+03 8.394030000000000102e-01
7.123042999999999665e+03 8.459729000000000276e-01
7.123146999999999935e+03 8.629980000000000429e-01
7.123249000000000706e+03 8.681716000000000433e-01
7.123346999999999753e+03 8.854619000000000240e-01
7.123446999999999207e+03 8.938277000000000028e-01
7.123541999999999462e+03 9.085644999999999971e-01
7.123643999999999323e+03 9.178680999999999646e-01
7.123746000000000095e+03 9.278619000000000172e-01
7.123846000000000458e+03 9.420332999999999624e-01
7.123951000000000022e+03 9.539421999999999624e-01
7.124050999999999476e+03 9.581832000000000127e-01
7.124155999999999949e+03 9.743473999999999746e-01
7.124256999999999607e+03 9.907679000000000347e-01
7.124354000000000269e+03 9.989723999999999826e-01
7.124456000000000131e+03 1.013651000000000080e+00
7.124554000000000087e+03 1.019044999999999979e+00
7.124653000000000247e+03 1.033525999999999945e+00
7.124748000000000502e+03 1.040173999999999932e+00
7.124838999999999942e+03 1.052766000000000091e+00
7.124935999999999694e+03 1.060797999999999908e+00
7.125032000000000153e+03 1.072162000000000059e+00
7.125132999999999811e+03 1.076470999999999956e+00
7.125231999999999971e+03 1.087199000000000026e+00
7.125327999999999520e+03 1.103467999999999893e+00
7.125426000000000386e+03 1.108827999999999925e+00
7.125520999999999731e+03 1.107588000000000017e+00
7.125621000000000095e+03 1.117885999999999935e+00
7.125720000000000255e+03 1.129143999999999926e+00
7.125820999999999913e+03 1.129731999999999958e+00
7.125926999999999680e+03 1.135723000000000038e+00
7.126026000000000749e+03 1.139910999999999897e+00
7.126128999999999905e+03 1.147105000000000041e+00
7.126228000000000065e+03 1.154655999999999905e+00
7.126328999999999724e+03 1.161967999999999890e+00
7.126433999999999287e+03 1.158079999999999998e+00
7.126533000000000357e+03 1.164263000000000048e+00
7.126632999999999811e+03 1.168813000000000102e+00
7.126726999999999862e+03 1.173762999999999890e+00
7.126822000000000116e+03 1.174307999999999907e+00
7.126921000000000276e+03 1.178401000000000032e+00
7.127018000000000029e+03 1.177732999999999919e+00
7.127121000000000095e+03 1.175583000000000045e+00
7.127222999999999956e+03 1.178840000000000110e+00
7.127320999999999913e+03 1.185410999999999992e+00
7.127423000000000684e+03 1.181875000000000009e+00
7.127519000000000233e+03 1.194153999999999938e+00
7.127621000000000095e+03 1.189953000000000038e+00
7.127725999999999658e+03 1.191394000000000064e+00
7.127829999999999927e+03 1.195000000000000062e+00
7.127936999999999898e+03 1.189356999999999998e+00
7.128037000000000262e+03 1.197310000000000096e+00
7.128141000000000531e+03 1.197680999999999996e+00
7.128243999999999687e+03 1.192695000000000061e+00
7.128347999999999956e+03 1.199735999999999914e+00
7.128453000000000429e+03 1.193190999999999891e+00
7.128551999999999680e+03 1.197886000000000006e+00
7.128653000000000247e+03 1.194347000000000047e+00
7.128748999999999796e+03 1.194650999999999907e+00
7.128841999999999643e+03 1.197848000000000024e+00
7.128942000000000007e+03 1.195874000000000104e+00
7.129038999999999760e+03 1.194423999999999930e+00
7.129144000000000233e+03 1.199626999999999999e+00
7.129246000000000095e+03 1.191408999999999940e+00
7.129340000000000146e+03 1.192217000000000082e+00
7.129438000000000102e+03 1.194172999999999929e+00
7.129530999999999949e+03 1.192137000000000002e+00
7.129631999999999607e+03 1.194414000000000087e+00
7.129735999999999876e+03 1.192363999999999979e+00
7.129837000000000444e+03 1.191311000000000009e+00
7.129940999999999804e+03 1.187721999999999944e+00
7.130038999999999760e+03 1.185483999999999982e+00
7.130140999999999622e+03 1.187780000000000058e+00
7.130242000000000189e+03 1.184563000000000033e+00
7.130340000000000146e+03 1.185751999999999917e+00
7.130442999999999302e+03 1.184577999999999909e+00
7.130539999999999964e+03 1.175832999999999906e+00
7.130639000000000124e+03 1.177955000000000085e+00
7.130734000000000378e+03 1.176055999999999990e+00
7.130823999999999614e+03 1.179642999999999997e+00
7.130922999999999774e+03 1.177604000000000095e+00
7.131020000000000437e+03 1.176228000000000051e+00
7.131122000000000298e+03 1.171194999999999986e+00
7.131221000000000458e+03 1.166619999999999990e+00
7.131318000000000211e+03 1.166671000000000014e+00
7.131414999999999964e+03 1.169524000000000008e+00
7.131509000000000015e+03 1.163866000000000067e+00
7.131609000000000378e+03 1.165219999999999922e+00
7.131711000000000240e+03 1.158752000000000004e+00
7.131814000000000306e+03 1.159129000000000076e+00
7.131922000000000480e+03 1.158179999999999987e+00
7.132023000000000138e+03 1.158195000000000086e+00
7.132123999999999796e+03 1.154508000000000090e+00
7.132225000000000364e+03 1.158819999999999961e+00
7.132324999999999818e+03 1.151105999999999963e+00
7.132430000000000291e+03 1.147766000000000064e+00
7.132528999999999542e+03 1.142797999999999981e+00
7.132627000000000407e+03 1.151936000000000071e+00
7.132723999999999251e+03 1.147821999999999898e+00
7.132818999999999505e+03 1.142374999999999918e+00
7.132918999999999869e+03 1.139563000000000104e+00
7.133015999999999622e+03 1.138590999999999909e+00
7.133118999999999687e+03 1.140503999999999962e+00
7.133222999999999956e+03 1.131126999999999994e+00
7.133320999999999913e+03 1.142007999999999912e+00
7.133422000000000480e+03 1.138314000000000048e+00
7.133517000000000735e+03 1.127852000000000077e+00
7.133618000000000393e+03 1.129517000000000104e+00
7.133722999999999956e+03 1.133577999999999975e+00
7.133826000000000022e+03 1.135885000000000034e+00
7.133932999999999993e+03 1.131412000000000084e+00
7.134036000000000058e+03 1.130384999999999973e+00
7.134137999999999920e+03 1.124457999999999958e+00
7.134242000000000189e+03 1.126827000000000023e+00
7.134343000000000757e+03 1.123396000000000061e+00
7.134445999999999913e+03 1.124393999999999894e+00
7.134542999999999665e+03 1.119253999999999971e+00
7.134641000000000531e+03 1.120935000000000015e+00
7.134738999999999578e+03 1.119326999999999961e+00
7.134831000000000131e+03 1.119925999999999977e+00
7.134929999999999382e+03 1.121653000000000011e+00
7.135023000000000138e+03 1.114881999999999929e+00
7.135123000000000502e+03 1.110238999999999976e+00
7.135226000000000568e+03 1.111730000000000107e+00
7.135322000000000116e+03 1.112851999999999952e+00
7.135418999999999869e+03 1.111129000000000033e+00
7.135512000000000626e+03 1.108125999999999944e+00
7.135612000000000080e+03 1.112867000000000051e+00
7.135713999999999942e+03 1.110510000000000108e+00
7.135814000000000306e+03 1.098980000000000068e+00
7.135918000000000575e+03 1.106692000000000009e+00
7.136016999999999825e+03 1.102992999999999890e+00
7.136117999999999483e+03 1.104832000000000036e+00
7.136220999999999549e+03 1.105270999999999892e+00
7.136319000000000415e+03 1.100297999999999998e+00
7.136422999999999774e+03 1.099464999999999915e+00
7.136519999999999527e+03 1.096959000000000017e+00
7.136617000000000189e+03 1.098586000000000062e+00
7.136712000000000444e+03 1.094794999999999963e+00
7.136804000000000087e+03 1.091931999999999903e+00
7.136903000000000247e+03 1.095552000000000081e+00
7.137000000000000000e+03 1.094807000000000086e+00
7.137097999999999956e+03 1.089806999999999970e+00
7.137199999999999818e+03 1.084670999999999941e+00
7.137293999999999869e+03 1.093761999999999901e+00
7.137394999999999527e+03 1.088489999999999958e+00
7.137494000000000597e+03 1.090950000000000086e+00
7.137591999999999643e+03 1.089506000000000085e+00
7.137697000000000116e+03 1.080921000000000021e+00
7.137796999999999571e+03 1.081684000000000090e+00
7.137902999999999338e+03 1.086016000000000092e+00
7.138005000000000109e+03 1.086491000000000096e+00
7.138105999999999767e+03 1.078508999999999940e+00
7.138212000000000444e+03 1.075334000000000012e+00
7.138314000000000306e+03 1.079363000000000072e+00
7.138420000000000073e+03 1.072480000000000100e+00
7.138518999999999323e+03 1.082313999999999998e+00
7.138614999999999782e+03 1.069091999999999931e+00
7.138713999999999942e+03 1.071573000000000109e+00
7.138810000000000400e+03 1.074627999999999917e+00
7.138912000000000262e+03 1.067209999999999992e+00
7.139011999999999716e+03 1.069549000000000083e+00
7.139112000000000080e+03 1.062969000000000053e+00
7.139215000000000146e+03 1.067674999999999930e+00
7.139311999999999898e+03 1.063573000000000102e+00
7.139412000000000262e+03 1.066308999999999951e+00
7.139510999999999513e+03 1.063839999999999897e+00
7.139611000000000786e+03 1.057158999999999960e+00
7.139719999999999345e+03 1.058113999999999999e+00
7.139822999999999411e+03 1.058286999999999978e+00
7.139927999999999884e+03 1.057493000000000016e+00
7.140027000000000044e+03 1.054481999999999919e+00
7.140127999999999702e+03 1.055862000000000078e+00
7.140234999999999673e+03 1.055598000000000036e+00
7.140335999999999331e+03 1.048362000000000016e+00
7.140437000000000808e+03 1.045639999999999903e+00
7.140532999999999447e+03 1.047555000000000014e+00
7.140627000000000407e+03 1.048621999999999943e+00
7.140724999999999454e+03 1.043120999999999965e+00
7.140818999999999505e+03 1.048956999999999917e+00
7.140916000000000167e+03 1.044370000000000021e+00
7.141014000000000124e+03 1.038232999999999961e+00
7.141112000000000080e+03 1.042797999999999892e+00
7.141215000000000146e+03 1.041433000000000053e+00
7.141309999999999491e+03 1.040945999999999927e+00
7.141403999999999542e+03 1.033412999999999915e+00
7.141501000000000204e+03 1.035017999999999994e+00
7.141600000000000364e+03 1.039226999999999901e+00
7.141706000000000131e+03 1.034156999999999993e+00
7.141807999999999993e+03 1.034216000000000024e+00
7.141908999999999651e+03 1.026030999999999915e+00
7.142011000000000422e+03 1.032402999999999960e+00
7.142110999999999876e+03 1.024176999999999893e+00
7.142212999999999738e+03 1.031101999999999963e+00
7.142312000000000808e+03 1.027501999999999915e+00
7.142413999999999760e+03 1.022764000000000006e+00
7.142512999999999920e+03 1.020129000000000064e+00
7.142606999999999971e+03 1.020350000000000090e+00
7.142704999999999927e+03 1.017487999999999948e+00
7.142796999999999571e+03 1.019397000000000109e+00
7.142894000000000233e+03 1.013959999999999972e+00
7.142997000000000298e+03 1.013803999999999927e+00
7.143095999999999549e+03 1.013371000000000022e+00
7.143198000000000320e+03 1.014728000000000074e+00
7.143295000000000073e+03 1.009254000000000095e+00
7.143392000000000735e+03 1.001689000000000052e+00
7.143490999999999985e+03 1.007109000000000032e+00
7.143589999999999236e+03 1.003276000000000057e+00
7.143697999999999411e+03 1.003066999999999931e+00
7.143801999999999680e+03 9.961176999999999948e-01
7.143907999999999447e+03 9.969803000000000415e-01
7.144011999999999716e+03 9.973467999999999778e-01
7.144112000000000080e+03 9.948004999999999765e-01
7.144218000000000757e+03 9.860645999999999578e-01
7.144322000000000116e+03 9.942408999999999830e-01
7.144423999999999978e+03 9.853085999999999789e-01
7.144527000000000044e+03 9.897213000000000260e-01
7.144623000000000502e+03 9.822218000000000337e-01
7.144720999999999549e+03 9.882674999999999654e-01
7.144815999999999804e+03 9.820332999999999979e-01
7.144916000000000167e+03 9.824528999999999623e-01
7.145018000000000029e+03 9.874568999999999708e-01
7.145117000000000189e+03 9.810181999999999514e-01
7.145224000000000160e+03 9.755707999999999602e-01
7.145320999999999913e+03 9.755114999999999759e-01
7.145417000000000371e+03 9.730653000000000219e-01
7.145516999999999825e+03 9.721754999999999702e-01
7.145615999999999985e+03 9.680716999999999794e-01
7.145724000000000160e+03 9.678567000000000142e-01
7.145829999999999927e+03 9.673760000000000137e-01
7.145929000000000087e+03 9.640184000000000530e-01
7.146029999999999745e+03 9.615892000000000328e-01
7.146126999999999498e+03 9.607069000000000303e-01
7.146230999999999767e+03 9.585196999999999745e-01
7.146333000000000538e+03 9.567649000000000292e-01
7.146429000000000087e+03 9.544652000000000136e-01
7.146527000000000044e+03 9.507466999999999446e-01
7.146621000000000095e+03 9.447183000000000108e-01
7.146717999999999847e+03 9.529170000000000140e-01
7.146811999999999898e+03 9.497784999999999700e-01
7.146905000000000655e+03 9.559324000000000154e-01
7.147005000000000109e+03 9.464542000000000233e-01
7.147101999999999862e+03 9.366430000000000033e-01
7.147202000000000226e+03 9.440195000000000114e-01
7.147300999999999476e+03 9.406752000000000447e-01
7.147394000000000233e+03 9.451635000000000453e-01
7.147492999999999483e+03 9.372880999999999574e-01
7.147592999999999847e+03 9.414879999999999916e-01
7.147694999999999709e+03 9.349435000000000384e-01
7.147795999999999367e+03 9.305636000000000463e-01
7.147895000000000437e+03 9.349060999999999622e-01
7.148000000000000000e+03 9.275620999999999450e-01
7.148097999999999956e+03 9.321433000000000080e-01
7.148199999999999818e+03 9.310787999999999842e-01
7.148302999999999884e+03 9.322131000000000167e-01
7.148399000000000342e+03 9.319366000000000039e-01
7.148501999999999498e+03 9.238425000000000109e-01
7.148596999999999753e+03 9.154921999999999782e-01
7.148692000000000007e+03 9.195394000000000068e-01
7.148788999999999760e+03 9.199469999999999592e-01
7.148885000000000218e+03 9.177374000000000365e-01
7.148987000000000080e+03 9.183628000000000347e-01
7.149086999999999534e+03 9.166826000000000141e-01
7.149187000000000808e+03 9.138540000000000552e-01
7.149287000000000262e+03 9.103000999999999454e-01
7.149384000000000015e+03 9.109428000000000525e-01
7.149487000000000080e+03 9.098962999999999912e-01
7.149587000000000444e+03 9.143917999999999768e-01
7.149689999999999600e+03 9.074746999999999675e-01
7.149797999999999774e+03 9.068051000000000306e-01
7.149900999999999840e+03 9.076651000000000025e-01
7.150006999999999607e+03 9.050143000000000493e-01
7.150106999999999971e+03 9.033641000000000032e-01
7.150207000000000335e+03 9.059093999999999758e-01
7.150313999999999396e+03 8.957806000000000379e-01
7.150416000000000167e+03 8.996716000000000157e-01
7.150518000000000029e+03 8.994092000000000198e-01
7.150613999999999578e+03 8.979549999999999477e-01
7.150708999999999833e+03 8.947612999999999817e-01
7.150807999999999993e+03 8.958785999999999694e-01
7.150905999999999949e+03 8.934933999999999932e-01
7.151006999999999607e+03 8.912198999999999538e-01
7.151106000000000677e+03 8.964497999999999633e-01
7.151204999999999927e+03 8.991396000000000388e-01
7.151306999999999789e+03 8.942655999999999938e-01
7.151402000000000044e+03 8.871040000000000036e-01
7.151500000000000000e+03 8.885920999999999959e-01
7.151597999999999956e+03 8.926167000000000407e-01
7.151698999999999614e+03 8.857831999999999928e-01
7.151805999999999585e+03 8.932729000000000363e-01
7.151906999999999243e+03 8.922657999999999978e-01
7.152007000000000517e+03 8.853583000000000425e-01
7.152103999999999360e+03 8.867745999999999684e-01
7.152204000000000633e+03 8.822691000000000283e-01
7.152309000000000196e+03 8.860466999999999649e-01
7.152408999999999651e+03 8.801404000000000449e-01
7.152505000000000109e+03 8.888471000000000011e-01
7.152599999999999454e+03 8.811497999999999831e-01
7.152693000000000211e+03 8.844727000000000006e-01
7.152791999999999462e+03 8.831113999999999908e-01
7.152886999999999716e+03 8.832417000000000185e-01
7.152985000000000582e+03 8.795214999999999561e-01
7.153088000000000648e+03 8.810048000000000323e-01
7.153185999999999694e+03 8.797118999999999911e-01
7.153285000000000764e+03 8.837812999999999919e-01
7.153377999999999702e+03 8.757888999999999813e-01
7.153474000000000160e+03 8.774830999999999603e-01
7.153574999999999818e+03 8.834395000000000442e-01
7.153675000000000182e+03 8.814640999999999726e-01
7.153781999999999243e+03 8.789660000000000251e-01
7.153882000000000517e+03 8.776762000000000175e-01
7.153983000000000175e+03 8.791786999999999797e-01
7.154086000000000240e+03 8.765608999999999762e-01
7.154186999999999898e+03 8.783450000000000424e-01
7.154289999999999964e+03 8.729748999999999981e-01
7.154391000000000531e+03 8.766133999999999871e-01
7.154489999999999782e+03 8.732811999999999797e-01
7.154591000000000349e+03 8.812845999999999735e-01
7.154684999999999491e+03 8.781042000000000014e-01
7.154784000000000560e+03 8.683566999999999814e-01
7.154881999999999607e+03 8.808709000000000122e-01
7.154981999999999971e+03 8.729449000000000236e-01
7.155086999999999534e+03 8.820708999999999911e-01
7.155185999999999694e+03 8.787137999999999893e-01
7.155287999999999556e+03 8.806315999999999589e-01
7.155386999999999716e+03 8.778553999999999524e-01
7.155484999999999673e+03 8.761866999999999850e-01
7.155588999999999942e+03 8.814427999999999708e-01
7.155692000000000007e+03 8.796214999999999451e-01
7.155798999999999978e+03 8.798141999999999907e-01
7.155903999999999542e+03 8.801493999999999707e-01
7.156005000000000109e+03 8.741527999999999521e-01
7.156109999999999673e+03 8.792396000000000100e-01
7.156210000000000036e+03 8.810063999999999673e-01
7.156315000000000509e+03 8.817454999999999599e-01
7.156418000000000575e+03 8.775705000000000311e-01
7.156515999999999622e+03 8.792341999999999658e-01
7.156615000000000691e+03 8.792216999999999949e-01
7.156707999999999629e+03 8.841139999999999555e-01
7.156807999999999993e+03 8.803590999999999500e-01
7.156907000000000153e+03 8.808266999999999625e-01
7.157002000000000407e+03 8.779829999999999579e-01
7.157104000000000269e+03 8.839774999999999716e-01
7.157201000000000022e+03 8.831288000000000471e-01
7.157300000000000182e+03 8.757612999999999648e-01
7.157398000000000138e+03 8.828298999999999452e-01
7.157493999999999687e+03 8.814136999999999666e-01
7.157594999999999345e+03 8.782489999999999464e-01
7.157693000000000211e+03 8.844159999999999799e-01
7.157796000000000276e+03 8.812164000000000108e-01
7.157900999999999840e+03 8.917007999999999601e-01
7.157998000000000502e+03 8.874360000000000026e-01
7.158101000000000568e+03 8.845539999999999514e-01
7.158201000000000022e+03 8.872687000000000213e-01
7.158300999999999476e+03 8.912632999999999805e-01
7.158404999999999745e+03 8.916182000000000274e-01
7.158500000000000000e+03 8.934752000000000249e-01
7.158599000000000160e+03 8.932588000000000195e-01
7.158693000000000211e+03 8.889422000000000157e-01
7.158788999999999760e+03 8.894461999999999646e-01
7.158886999999999716e+03 8.878222999999999532e-01
7.158981999999999971e+03 8.900354000000000321e-01
7.159085000000000036e+03 8.916714999999999502e-01
7.159184000000000196e+03 8.899858999999999964e-01
7.159279999999999745e+03 8.898968000000000433e-01
7.159379000000000815e+03 8.929616999999999694e-01
7.159474000000000160e+03 8.884503000000000261e-01
7.159576999999999316e+03 8.984988999999999892e-01
7.159679999999999382e+03 8.940438000000000551e-01
7.159782000000000153e+03 8.917933999999999584e-01
7.159887999999999920e+03 8.895842000000000471e-01
7.159987000000000080e+03 8.960344999999999560e-01
7.160091999999999643e+03 8.932430000000000092e-01
7.160194999999999709e+03 8.944193999999999756e-01
7.160295999999999367e+03 8.974288999999999739e-01
7.160402000000000044e+03 9.010576000000000141e-01
7.160501000000000204e+03 8.980941000000000063e-01
7.160599999999999454e+03 9.028083999999999554e-01
7.160695999999999913e+03 9.046589999999999909e-01
7.160791999999999462e+03 9.058880999999999739e-01
7.160895000000000437e+03 8.999477000000000171e-01
7.160996000000000095e+03 9.042485000000000106e-01
7.161099000000000160e+03 9.025777999999999857e-01
7.161199999999999818e+03 9.042225999999999875e-01
7.161296000000000276e+03 9.023162999999999601e-01
7.161398000000000138e+03 9.077252000000000098e-01
7.161495999999999185e+03 9.054948000000000441e-01
7.161597999999999956e+03 9.084360999999999686e-01
7.161702000000000226e+03 9.046497999999999484e-01
7.161805000000000291e+03 9.083649999999999780e-01
7.161913000000000466e+03 9.101890000000000258e-01
7.162012999999999920e+03 9.072729999999999961e-01
7.162113999999999578e+03 9.086722000000000410e-01
7.162216999999999643e+03 9.158560000000000034e-01
7.162317000000000007e+03 9.137733999999999579e-01
7.162425000000000182e+03 9.126317999999999930e-01
7.162524000000000342e+03 9.111447000000000296e-01
7.162617000000000189e+03 9.120298000000000016e-01
7.162711999999999534e+03 9.179127999999999732e-01
7.162804999999999382e+03 9.153179999999999650e-01
7.162906000000000859e+03 9.180536000000000252e-01
7.163005000000000109e+03 9.169507999999999548e-01
7.163101999999999862e+03 9.177716999999999681e-01
7.163202000000000226e+03 9.218541999999999570e-01
7.163297000000000480e+03 9.203841000000000383e-01
7.163395000000000437e+03 9.167785999999999991e-01
7.163490999999999985e+03 9.179462999999999928e-01
7.163586999999999534e+03 9.274567000000000228e-01
7.163690999999999804e+03 9.198423999999999490e-01
7.163792000000000371e+03 9.267172999999999661e-01
7.163897000000000844e+03 9.296758999999999995e-01
7.163998000000000502e+03 9.304291000000000089e-01
7.164094000000000051e+03 9.225969000000000531e-01
7.164197999999999411e+03 9.275284000000000306e-01
7.164300000000000182e+03 9.269547999999999677e-01
7.164402000000000044e+03 9.298648999999999942e-01
7.164501999999999498e+03 9.251774999999999860e-01
7.164595000000000255e+03 9.277845000000000120e-01
7.164692999999999302e+03 9.330285999999999857e-01
7.164784999999999854e+03 9.262188999999999561e-01
7.164881000000000313e+03 9.279821000000000319e-01
7.164981999999999971e+03 9.351336999999999566e-01
7.165079000000000633e+03 9.330694999999999961e-01
7.165182999999999993e+03 9.368954999999999922e-01
7.165282000000000153e+03 9.371675999999999895e-01
7.165377999999999702e+03 9.408125999999999989e-01
7.165475999999999658e+03 9.368001999999999718e-01
7.165572000000000116e+03 9.381353999999999527e-01
7.165677999999999884e+03 9.418819000000000496e-01
7.165783000000000357e+03 9.357674999999999743e-01
7.165886000000000422e+03 9.376008000000000120e-01
7.165992000000000189e+03 9.343972999999999862e-01
7.166092999999999847e+03 9.413356999999999974e-01
7.166198999999999614e+03 9.403215000000000323e-01
7.166301999999999680e+03 9.416890999999999456e-01
7.166403000000000247e+03 9.491346999999999978e-01
7.166509999999999309e+03 9.425550999999999791e-01
7.166606999999999971e+03 9.463920000000000110e-01
7.166706999999999425e+03 9.426476999999999773e-01
7.166802999999999884e+03 9.485242999999999869e-01
7.166899000000000342e+03 9.451348000000000527e-01
7.167003000000000611e+03 9.485278000000000320e-01
7.167104000000000269e+03 9.494557999999999609e-01
7.167207000000000335e+03 9.444673000000000096e-01
7.167306999999999789e+03 9.496149999999999869e-01
7.167403000000000247e+03 9.499235000000000317e-01
7.167505000000000109e+03 9.582013000000000336e-01
7.167604000000000269e+03 9.585618999999999668e-01
7.167707000000000335e+03 9.556847000000000536e-01
7.167811000000000604e+03 9.582600000000000007e-01
7.167913999999999760e+03 9.553321000000000174e-01
7.168023000000000138e+03 9.557320000000000260e-01
7.168122000000000298e+03 9.596310000000000118e-01
7.168220999999999549e+03 9.572304000000000368e-01
7.168323000000000320e+03 9.576696999999999571e-01
7.168421999999999571e+03 9.599334000000000477e-01
7.168524999999999636e+03 9.605582999999999760e-01
7.168623000000000502e+03 9.568970999999999449e-01
7.168715999999999440e+03 9.657989999999999631e-01
7.168810999999999694e+03 9.597896000000000205e-01
7.168904999999999745e+03 9.630170999999999593e-01
7.169005000000000109e+03 9.664236000000000493e-01
7.169105000000000473e+03 9.654373000000000538e-01
7.169201000000000022e+03 9.629683999999999466e-01
7.169300999999999476e+03 9.647282999999999831e-01
7.169394999999999527e+03 9.673975000000000213e-01
7.169494000000000597e+03 9.659256999999999982e-01
7.169592999999999847e+03 9.754544000000000548e-01
7.169692000000000007e+03 9.716751999999999612e-01
7.169797999999999774e+03 9.692576000000000525e-01
7.169900000000000546e+03 9.652155999999999514e-01
7.170003999999999905e+03 9.705848999999999727e-01
7.170104000000000269e+03 9.692861999999999867e-01
7.170201999999999316e+03 9.733965999999999452e-01
7.170306000000000495e+03 9.780626000000000042e-01
7.170405999999999949e+03 9.676744999999999930e-01
7.170506999999999607e+03 9.721623999999999821e-01
7.170606000000000677e+03 9.785382999999999720e-01
7.170698999999999614e+03 9.763758999999999633e-01
7.170800000000000182e+03 9.741195000000000270e-01
7.170895999999999731e+03 9.712292000000000147e-01
7.170993000000000393e+03 9.810164000000000106e-01
7.171096000000000458e+03 9.773509000000000224e-01
7.171192999999999302e+03 9.777825999999999462e-01
7.171297000000000480e+03 9.797626999999999864e-01
7.171395000000000437e+03 9.831619000000000330e-01
7.171493999999999687e+03 9.853264000000000467e-01
7.171597000000000662e+03 9.795612000000000208e-01
7.171698000000000320e+03 9.911883000000000221e-01
7.171806000000000495e+03 9.821147999999999545e-01
7.171909000000000560e+03 9.918441000000000063e-01
7.172011999999999716e+03 9.874739000000000155e-01
7.172119000000000597e+03 9.977814000000000405e-01
7.172221000000000458e+03 9.873309000000000113e-01
7.172329000000000633e+03 9.912994000000000527e-01
7.172431999999999789e+03 9.922383000000000175e-01
7.172530999999999949e+03 9.950198999999999572e-01
7.172632999999999811e+03 9.990320999999999785e-01
7.172728000000000065e+03 9.967468999999999912e-01
7.172828000000000429e+03 9.971756999999999982e-01
7.172925000000000182e+03 9.961402000000000312e-01
7.173024999999999636e+03 1.002274000000000109e+00
7.173129999999999200e+03 9.972206999999999599e-01
7.173228000000000065e+03 1.000423000000000062e+00
7.173327999999999520e+03 9.981731999999999827e-01
7.173425000000000182e+03 1.001546999999999965e+00
7.173523000000000138e+03 1.003695000000000004e+00
7.173628999999999905e+03 1.002879000000000076e+00
7.173729999999999563e+03 9.960601000000000038e-01
7.173833000000000538e+03 1.008091000000000070e+00
7.173935000000000400e+03 1.008428000000000102e+00
7.174033999999999651e+03 1.004105000000000025e+00
7.174139000000000124e+03 1.006790999999999991e+00
7.174238999999999578e+03 1.007643999999999984e+00
7.174338999999999942e+03 1.005748000000000086e+00
7.174440999999999804e+03 1.007695999999999925e+00
7.174538000000000466e+03 1.005630999999999942e+00
7.174637999999999920e+03 1.006674999999999986e+00
7.174731000000000677e+03 1.007176999999999989e+00
7.174824000000000524e+03 1.012183000000000055e+00
7.174920000000000073e+03 1.011913999999999980e+00
7.175016000000000531e+03 1.009978000000000042e+00
7.175118999999999687e+03 1.010539000000000076e+00
7.175219000000000051e+03 1.011706999999999912e+00
7.175313000000000102e+03 1.010769000000000029e+00
7.175412999999999556e+03 1.006321999999999939e+00
7.175509000000000015e+03 1.014046000000000003e+00
7.175608000000000175e+03 1.012342000000000075e+00
7.175708000000000538e+03 1.012013000000000051e+00
7.175809000000000196e+03 1.010683999999999916e+00
7.175914999999999964e+03 1.010950000000000015e+00
7.176012999999999920e+03 1.010982999999999965e+00
7.176115000000000691e+03 1.006936000000000053e+00
7.176216000000000349e+03 1.010167999999999955e+00
7.176314999999999600e+03 1.009646999999999961e+00
7.176422999999999774e+03 1.016796999999999951e+00
7.176523000000000138e+03 1.012097000000000024e+00
7.176621000000000095e+03 1.017506000000000022e+00
7.176717999999999847e+03 1.019146000000000107e+00
7.176810999999999694e+03 1.020027999999999935e+00
7.176910000000000764e+03 1.019460000000000033e+00
7.177007999999999811e+03 1.014869999999999939e+00
7.177108999999999469e+03 1.016583999999999932e+00
7.177213999999999942e+03 1.011398999999999937e+00
7.177314000000000306e+03 1.016459999999999919e+00
7.177416000000000167e+03 1.023449999999999971e+00
7.177511999999999716e+03 1.006509000000000098e+00
7.177609999999999673e+03 1.013068999999999997e+00
7.177716000000000349e+03 1.014612999999999987e+00
7.177819999999999709e+03 1.018389999999999906e+00
7.177930000000000291e+03 1.018895000000000106e+00
7.178032000000000153e+03 1.017611999999999961e+00
7.178130999999999403e+03 1.019768000000000008e+00
7.178237000000000080e+03 1.017613000000000101e+00
7.178338999999999942e+03 1.015919999999999934e+00
7.178444999999999709e+03 1.019771999999999901e+00
7.178546999999999571e+03 1.013803000000000010e+00
7.178645000000000437e+03 1.013506000000000018e+00
7.178746000000000095e+03 1.025333999999999968e+00
7.178840000000000146e+03 1.019298000000000037e+00
7.178936000000000604e+03 1.015131000000000006e+00
7.179033000000000357e+03 1.020955999999999975e+00
7.179132000000000517e+03 1.021323999999999899e+00
7.179239999999999782e+03 1.027485999999999899e+00
7.179338999999999942e+03 1.019789999999999974e+00
7.179435999999999694e+03 1.017946999999999935e+00
7.179530999999999949e+03 1.026137999999999995e+00
7.179625000000000000e+03 1.023114000000000079e+00
7.179729000000000269e+03 1.017692000000000041e+00
7.179833000000000538e+03 1.023268000000000066e+00
7.179934000000000196e+03 1.025754999999999972e+00
7.180036000000000058e+03 1.023276999999999992e+00
7.180135000000000218e+03 1.018979999999999997e+00
7.180238000000000284e+03 1.021770000000000067e+00
7.180338999999999942e+03 1.024791000000000007e+00
7.180437000000000808e+03 1.023773000000000044e+00
7.180538999999999760e+03 1.019042999999999921e+00
7.180635999999999513e+03 1.023690999999999907e+00
7.180735000000000582e+03 1.028831000000000051e+00
7.180829999999999927e+03 1.016966999999999954e+00
7.180922999999999774e+03 1.027762000000000064e+00
7.181021999999999935e+03 1.023571999999999926e+00
7.181118999999999687e+03 1.026400999999999897e+00
7.181220999999999549e+03 1.026437000000000044e+00
7.181320999999999913e+03 1.022354999999999903e+00
7.181415999999999258e+03 1.018381999999999898e+00
7.181515000000000327e+03 1.023139999999999938e+00
7.181609999999999673e+03 1.025822000000000012e+00
7.181708000000000538e+03 1.024567000000000005e+00
7.181810999999999694e+03 1.026083000000000078e+00
7.181911999999999352e+03 1.024124000000000034e+00
7.182019999999999527e+03 1.031760000000000010e+00
7.182121999999999389e+03 1.025314999999999976e+00
7.182221000000000458e+03 1.026210999999999984e+00
7.182326000000000022e+03 1.033368999999999982e+00
7.182423999999999978e+03 1.031077000000000021e+00
7.182529999999999745e+03 1.028734000000000037e+00
7.182630999999999403e+03 1.031754000000000060e+00
7.182728000000000065e+03 1.032532000000000005e+00
7.182829999999999927e+03 1.030880999999999936e+00
7.182925000000000182e+03 1.024742999999999959e+00
7.183024999999999636e+03 1.025177999999999923e+00
7.183125000000000000e+03 1.026038999999999923e+00
7.183226000000000568e+03 1.024910999999999905e+00
7.183331000000000131e+03 1.027962000000000042e+00
7.183430000000000291e+03 1.030618999999999952e+00
7.183530999999999949e+03 1.033406999999999965e+00
7.183628999999999905e+03 1.029668000000000028e+00
7.183728000000000065e+03 1.031587999999999949e+00
7.183835000000000036e+03 1.030151999999999957e+00
7.183936999999999898e+03 1.028051000000000048e+00
7.184042999999999665e+03 1.030601000000000100e+00
7.184146999999999935e+03 1.028610000000000024e+00
7.184248000000000502e+03 1.028947999999999974e+00
7.184355999999999767e+03 1.027903999999999929e+00
7.184457000000000335e+03 1.024558000000000080e+00
7.184559000000000196e+03 1.028944000000000081e+00
7.184658999999999651e+03 1.021643000000000079e+00
7.184753999999999905e+03 1.032229999999999981e+00
7.184855999999999767e+03 1.036502000000000034e+00
7.184952000000000226e+03 1.026092999999999922e+00
7.185046000000000276e+03 1.031565999999999983e+00
7.185145000000000437e+03 1.032842999999999956e+00
7.185241999999999280e+03 1.035873000000000044e+00
7.185346000000000458e+03 1.034299000000000079e+00
7.185444000000000415e+03 1.034383999999999970e+00
7.185538000000000466e+03 1.035185000000000022e+00
7.185635999999999513e+03 1.028496999999999995e+00
7.185730999999999767e+03 1.030664999999999942e+00
7.185833999999999833e+03 1.034208999999999934e+00
7.185936999999999898e+03 1.030869999999999953e+00
7.186035000000000764e+03 1.041330000000000089e+00
7.186137999999999920e+03 1.035686000000000107e+00
7.186237000000000080e+03 1.028407000000000071e+00
7.186340000000000146e+03 1.030340000000000034e+00
7.186442000000000007e+03 1.033406999999999965e+00
7.186539999999999964e+03 1.033258999999999928e+00
7.186643000000000029e+03 1.033506000000000036e+00
7.186740000000000691e+03 1.036311999999999900e+00
7.186835999999999331e+03 1.033898999999999901e+00
7.186931999999999789e+03 1.036167000000000060e+00
7.187024000000000342e+03 1.036960000000000104e+00
7.187125000000000000e+03 1.027978000000000058e+00
7.187221000000000458e+03 1.036872000000000016e+00
7.187320999999999913e+03 1.035530000000000062e+00
7.187422999999999774e+03 1.034378999999999937e+00
7.187515999999999622e+03 1.031107999999999913e+00
7.187617000000000189e+03 1.040132000000000057e+00
7.187716000000000349e+03 1.037112999999999952e+00
7.187814999999999600e+03 1.030000000000000027e+00
7.187920000000000073e+03 1.038548999999999944e+00
7.188019999999999527e+03 1.032453999999999983e+00
7.188125000000000000e+03 1.037887999999999922e+00
7.188226000000000568e+03 1.033360000000000056e+00
7.188324999999999818e+03 1.031436999999999937e+00
7.188432999999999993e+03 1.037031999999999954e+00
7.188534999999999854e+03 1.040075000000000083e+00
7.188639000000000124e+03 1.035182999999999964e+00
7.188738000000000284e+03 1.037080000000000002e+00
7.188831999999999425e+03 1.031506999999999952e+00
7.188933999999999287e+03 1.037568000000000046e+00
7.189029999999999745e+03 1.035074999999999967e+00
7.189129999999999200e+03 1.037539999999999907e+00
7.189231999999999971e+03 1.029856000000000105e+00
7.189331000000000131e+03 1.030011999999999928e+00
7.189432999999999993e+03 1.033123000000000014e+00
7.189530000000000655e+03 1.037147999999999959e+00
7.189627999999999702e+03 1.027881000000000045e+00
7.189728000000000065e+03 1.030745000000000022e+00
7.189827000000000226e+03 1.032740999999999909e+00
7.189936000000000604e+03 1.031460000000000043e+00
7.190038999999999760e+03 1.028237999999999985e+00
7.190139000000000124e+03 1.031009000000000064e+00
7.190242999999999483e+03 1.038988999999999940e+00
7.190338999999999942e+03 1.032540000000000013e+00
7.190445999999999913e+03 1.030181000000000013e+00
7.190550000000000182e+03 1.030254999999999921e+00
7.190648000000000138e+03 1.029622999999999955e+00
7.190748000000000502e+03 1.031652999999999931e+00
7.190840999999999440e+03 1.030697999999999892e+00
7.190936999999999898e+03 1.036721999999999921e+00
7.191032000000000153e+03 1.032057999999999920e+00
7.191125000000000000e+03 1.027840000000000087e+00
7.191226000000000568e+03 1.032667999999999919e+00
7.191322999999999411e+03 1.031206000000000067e+00
7.191422000000000480e+03 1.030146999999999924e+00
7.191523000000000138e+03 1.025838000000000028e+00
7.191614999999999782e+03 1.034343999999999930e+00
7.191710999999999331e+03 1.031392000000000087e+00
7.191807999999999993e+03 1.029117999999999977e+00
7.191907999999999447e+03 1.030555000000000110e+00
7.192014000000000124e+03 1.027686000000000099e+00
7.192112000000000080e+03 1.029641999999999946e+00
7.192213999999999942e+03 1.029519000000000073e+00
7.192313999999999396e+03 1.031619999999999981e+00
7.192412000000000262e+03 1.028350000000000097e+00
7.192516000000000531e+03 1.032936000000000076e+00
7.192614999999999782e+03 1.032265999999999906e+00
7.192715999999999440e+03 1.031339000000000006e+00
7.192813000000000102e+03 1.028704000000000063e+00
7.192904999999999745e+03 1.028250000000000108e+00
7.193002999999999702e+03 1.026070999999999955e+00
7.193094000000000051e+03 1.027023000000000019e+00
7.193192000000000007e+03 1.028030999999999917e+00
7.193295000000000073e+03 1.028215000000000101e+00
7.193393999999999323e+03 1.025465000000000071e+00
7.193496000000000095e+03 1.027288999999999897e+00
7.193590999999999440e+03 1.027266000000000012e+00
7.193686999999999898e+03 1.035538000000000070e+00
7.193786000000000058e+03 1.028844000000000092e+00
7.193884000000000015e+03 1.033360999999999974e+00
7.193991999999999280e+03 1.029763999999999902e+00
7.194096999999999753e+03 1.025330999999999992e+00
7.194200000000000728e+03 1.029371000000000036e+00
7.194305000000000291e+03 1.020229000000000052e+00
7.194403000000000247e+03 1.034607999999999972e+00
7.194505999999999403e+03 1.024872999999999923e+00
7.194612000000000080e+03 1.029619000000000062e+00
7.194713999999999942e+03 1.028404000000000096e+00
7.194817000000000007e+03 1.028556999999999944e+00
7.194912999999999556e+03 1.024223000000000106e+00
7.195009000000000015e+03 1.024545999999999957e+00
7.195105999999999767e+03 1.023632000000000097e+00
7.195202000000000226e+03 1.027323999999999904e+00
7.195305000000000291e+03 1.023857000000000017e+00
7.195404999999999745e+03 1.032114999999999894e+00
7.195506000000000313e+03 1.027482000000000006e+00
7.195608000000000175e+03 1.025222999999999995e+00
7.195702999999999520e+03 1.019003000000000103e+00
7.195801000000000386e+03 1.026386000000000021e+00
7.195897999999999229e+03 1.024955000000000060e+00
7.196000000000000000e+03 1.019943000000000044e+00
7.196109999999999673e+03 1.027497000000000105e+00
7.196210000000000036e+03 1.027849000000000013e+00
7.196310999999999694e+03 1.025036000000000058e+00
7.196408000000000357e+03 1.025563999999999920e+00
7.196506000000000313e+03 1.023932000000000064e+00
7.196610999999999876e+03 1.018686999999999898e+00
7.196710999999999331e+03 1.027484000000000064e+00
7.196810000000000400e+03 1.027411999999999992e+00
7.196904999999999745e+03 1.027662999999999993e+00
7.196997999999999593e+03 1.023957999999999924e+00
7.197096000000000458e+03 1.014302000000000037e+00
7.197186999999999898e+03 1.019273000000000096e+00
7.197282000000000153e+03 1.023285999999999918e+00
7.197382000000000517e+03 1.016758999999999968e+00
7.197479000000000269e+03 1.022596999999999978e+00
7.197579999999999927e+03 1.020817000000000085e+00
7.197676999999999680e+03 1.024602000000000013e+00
7.197770000000000437e+03 1.021929000000000087e+00
7.197867999999999483e+03 1.025141000000000080e+00
7.197967000000000553e+03 1.024124000000000034e+00
7.198072000000000116e+03 1.017616000000000076e+00
7.198172999999999774e+03 1.018018000000000089e+00
7.198270999999999731e+03 1.027177000000000007e+00
7.198374000000000706e+03 1.028834999999999944e+00
7.198470999999999549e+03 1.014652000000000109e+00
7.198572999999999411e+03 1.017077000000000009e+00
7.198673999999999978e+03 1.022677999999999976e+00
7.198770999999999731e+03 1.024472999999999967e+00
7.198873999999999796e+03 1.018686999999999898e+00
7.198971000000000458e+03 1.015025000000000066e+00
7.199064999999999600e+03 1.025919999999999943e+00
7.199162000000000262e+03 1.012440999999999924e+00
7.199255000000000109e+03 1.020537999999999945e+00
7.199355999999999767e+03 1.025131999999999932e+00
7.199455999999999221e+03 1.019514999999999949e+00
7.199557000000000698e+03 1.018593000000000082e+00
7.199658999999999651e+03 1.014442999999999984e+00
7.199755000000000109e+03 1.015447999999999906e+00
7.199855999999999767e+03 1.015255000000000019e+00
7.199954999999999927e+03 1.012489999999999890e+00
7.200055000000000291e+03 1.011462000000000083e+00
7.200163999999999760e+03 1.012089999999999934e+00
7.200268000000000029e+03 1.022091000000000083e+00
7.200372999999999593e+03 1.021876000000000007e+00
7.200474000000000160e+03 1.019910000000000094e+00
7.200573000000000320e+03 1.007285999999999904e+00
7.200679000000000087e+03 1.017627999999999977e+00
7.200779999999999745e+03 1.016405999999999921e+00
7.200881999999999607e+03 1.016515999999999975e+00
7.200980000000000473e+03 1.020261000000000084e+00
7.201075000000000728e+03 1.020666000000000073e+00
7.201175000000000182e+03 1.015773000000000037e+00
7.201271000000000640e+03 1.012540999999999913e+00
7.201368999999999687e+03 1.018456999999999946e+00
7.201467999999999847e+03 1.013346000000000080e+00
7.201567000000000007e+03 1.013095999999999997e+00
7.201671000000000276e+03 1.014621999999999913e+00
7.201768000000000029e+03 1.016958000000000029e+00
7.201860999999999876e+03 1.020062000000000024e+00
7.201960000000000036e+03 1.014183999999999974e+00
7.202055999999999585e+03 1.013738000000000028e+00
7.202161000000000058e+03 1.018385000000000096e+00
7.202264000000000124e+03 1.016585999999999990e+00
7.202360999999999876e+03 1.018046999999999924e+00
7.202461999999999534e+03 1.010181999999999913e+00
7.202559000000000196e+03 1.017320000000000002e+00
7.202661000000000058e+03 1.017549999999999955e+00
7.202760999999999513e+03 1.010620000000000074e+00
7.202855999999999767e+03 1.013689000000000062e+00
7.202954999999999927e+03 1.011077000000000004e+00
7.203048999999999978e+03 1.014489999999999892e+00
7.203143000000000029e+03 1.013673999999999964e+00
7.203240999999999985e+03 1.013373999999999997e+00
7.203331999999999425e+03 1.014443999999999901e+00
7.203432000000000698e+03 1.010369999999999990e+00
7.203530999999999949e+03 1.012000000000000011e+00
7.203627999999999702e+03 1.015012000000000025e+00
7.203728000000000065e+03 1.015203999999999995e+00
7.203820000000000618e+03 1.010834999999999928e+00
7.203918999999999869e+03 1.017573000000000061e+00
7.204015000000000327e+03 1.011943000000000037e+00
7.204113000000000284e+03 1.009317999999999937e+00
7.204219000000000051e+03 1.010602999999999918e+00
7.204316000000000713e+03 1.013508000000000076e+00
7.204418999999999869e+03 1.012507000000000046e+00
7.204521999999999935e+03 1.008334000000000064e+00
7.204621000000000095e+03 1.017104000000000008e+00
7.204724999999999454e+03 1.016672000000000020e+00
7.204824000000000524e+03 1.011805000000000065e+00
7.204922999999999774e+03 1.013578000000000090e+00
7.205023000000000138e+03 1.006054000000000004e+00
7.205117999999999483e+03 1.012915999999999928e+00
7.205216000000000349e+03 1.009503000000000039e+00
7.205314000000000306e+03 1.016928000000000054e+00
7.205412000000000262e+03 1.010669000000000040e+00
7.205515000000000327e+03 1.010331000000000090e+00
7.205612999999999374e+03 1.005157000000000078e+00
7.205713999999999942e+03 1.011260000000000048e+00
7.205814000000000306e+03 1.007786000000000071e+00
7.205911999999999352e+03 1.002871000000000068e+00
7.206012999999999920e+03 1.016283000000000047e+00
7.206112000000000080e+03 1.008890999999999982e+00
7.206216000000000349e+03 1.012119999999999909e+00
7.206322000000000116e+03 1.001654000000000044e+00
7.206421999999999571e+03 1.009573000000000054e+00
7.206525999999999840e+03 1.016821999999999893e+00
7.206627000000000407e+03 1.010456000000000021e+00
7.206729000000000269e+03 1.013349999999999973e+00
7.206836000000000240e+03 1.004464000000000024e+00
7.206934000000000196e+03 1.008988999999999914e+00
7.207033000000000357e+03 1.007595999999999936e+00
7.207127999999999702e+03 1.010933000000000082e+00
7.207222999999999956e+03 1.008397999999999906e+00
7.207322999999999411e+03 1.012421999999999933e+00
7.207418999999999869e+03 1.020312000000000108e+00
7.207518999999999323e+03 1.005711999999999939e+00
7.207614000000000487e+03 1.005717999999999890e+00
7.207710999999999331e+03 1.008839999999999959e+00
7.207811999999999898e+03 1.011975999999999987e+00
7.207907999999999447e+03 1.006537999999999933e+00
7.208001999999999498e+03 9.975983999999999963e-01
7.208100999999999658e+03 1.009039999999999937e+00
7.208201000000000022e+03 1.006891999999999898e+00
7.208306000000000495e+03 1.003606999999999916e+00
7.208404999999999745e+03 1.014005999999999963e+00
7.208502000000000407e+03 1.005778000000000061e+00
7.208601999999999862e+03 1.010723000000000038e+00
7.208700000000000728e+03 1.007835999999999954e+00
7.208806000000000495e+03 1.012733000000000105e+00
7.208905999999999949e+03 1.006963999999999970e+00
7.209002999999999702e+03 1.009678000000000075e+00
7.209103000000000065e+03 1.006993000000000027e+00
7.209196000000000822e+03 1.008450999999999986e+00
7.209291000000000167e+03 1.016375000000000028e+00
7.209387999999999920e+03 1.016086999999999962e+00
7.209481999999999971e+03 1.011346999999999996e+00
7.209584000000000742e+03 1.012181999999999915e+00
7.209680999999999585e+03 1.006755000000000067e+00
7.209778000000000247e+03 1.009994000000000058e+00
7.209876000000000204e+03 1.008078000000000030e+00
7.209969000000000051e+03 1.017619000000000051e+00
7.210070999999999913e+03 1.009710000000000107e+00
7.210171000000000276e+03 1.006950999999999929e+00
7.210273000000000138e+03 1.015238000000000085e+00
7.210377000000000407e+03 1.004370999999999903e+00
7.210475999999999658e+03 1.017606000000000011e+00
7.210578999999999724e+03 9.987224000000000101e-01
7.210679000000000087e+03 1.003986000000000045e+00
7.210778999999999542e+03 1.000213999999999936e+00
7.210886999999999716e+03 1.003101999999999938e+00
7.210988000000000284e+03 1.010898000000000074e+00
7.211088999999999942e+03 1.011514999999999942e+00
7.211186999999999898e+03 1.004911000000000110e+00
7.211280000000000655e+03 1.007533999999999930e+00
7.211380000000000109e+03 1.017153999999999892e+00
7.211478999999999360e+03 1.002648999999999901e+00
7.211581000000000131e+03 1.008439000000000085e+00
7.211682999999999993e+03 1.010178000000000020e+00
7.211780999999999949e+03 1.015358999999999901e+00
7.211882999999999811e+03 1.010879000000000083e+00
7.211979000000000269e+03 1.006361999999999979e+00
7.212077000000000226e+03 1.012259999999999938e+00
7.212180000000000291e+03 1.009133000000000058e+00
7.212282000000000153e+03 1.005050999999999917e+00
7.212389000000000124e+03 1.005751999999999979e+00
7.212493000000000393e+03 1.003189000000000108e+00
7.212591999999999643e+03 1.002847000000000044e+00
7.212693999999999505e+03 1.014947999999999961e+00
7.212792000000000371e+03 1.010901000000000050e+00
7.212898000000000138e+03 1.009717999999999893e+00
7.213002999999999702e+03 1.001940999999999971e+00
7.213100999999999658e+03 1.011762000000000050e+00
7.213199999999999818e+03 1.011473999999999984e+00
7.213291000000000167e+03 1.010151999999999939e+00
7.213384999999999309e+03 1.010901000000000050e+00
7.213483000000000175e+03 1.023174999999999946e+00
7.213579000000000633e+03 1.006210000000000049e+00
7.213680000000000291e+03 1.004507000000000039e+00
7.213777000000000044e+03 1.017255999999999938e+00
7.213875000000000000e+03 1.004640999999999895e+00
7.213974000000000160e+03 1.009621000000000102e+00
7.214065999999999804e+03 1.007605000000000084e+00
7.214163000000000466e+03 1.015095000000000081e+00
7.214261999999999716e+03 1.003627000000000047e+00
7.214362000000000080e+03 1.010917000000000066e+00
7.214469000000000051e+03 1.008011999999999908e+00
7.214569000000000415e+03 1.017867000000000077e+00
7.214667999999999665e+03 1.014496999999999982e+00
7.214769000000000233e+03 1.005579000000000001e+00
7.214869000000000597e+03 1.008040999999999965e+00
7.214972999999999956e+03 1.010062999999999933e+00
7.215072000000000116e+03 1.009446999999999983e+00
7.215170999999999367e+03 1.018273999999999901e+00
7.215268000000000029e+03 1.003533999999999926e+00
7.215360000000000582e+03 1.009951999999999961e+00
7.215456999999999425e+03 9.982123999999999997e-01
7.215550999999999476e+03 1.001473000000000058e+00
7.215649000000000342e+03 1.005644999999999900e+00
7.215753999999999905e+03 1.012245999999999979e+00
7.215853000000000065e+03 1.008818999999999910e+00
7.215951999999999316e+03 1.013822000000000001e+00
7.216047999999999774e+03 1.008320000000000105e+00
7.216143000000000029e+03 1.008216000000000001e+00
7.216243999999999687e+03 1.018890999999999991e+00
7.216344000000000051e+03 1.013338000000000072e+00
7.216449999999999818e+03 1.014709000000000083e+00
7.216555999999999585e+03 1.008628999999999998e+00
7.216656999999999243e+03 9.985627000000000253e-01
7.216761999999999716e+03 1.006534000000000040e+00
7.216860999999999876e+03 1.006008999999999931e+00
7.216961999999999534e+03 1.010386999999999924e+00
7.217069999999999709e+03 1.006693000000000060e+00
7.217168999999999869e+03 1.006869999999999932e+00
7.217271999999999935e+03 1.011022000000000087e+00
7.217367999999999483e+03 1.008810999999999902e+00
7.217462000000000444e+03 1.007889999999999953e+00
7.217563000000000102e+03 1.000857000000000108e+00
7.217660000000000764e+03 1.014165999999999901e+00
7.217761999999999716e+03 1.008240000000000025e+00
7.217863000000000284e+03 1.002523000000000053e+00
7.217961999999999534e+03 1.005306000000000033e+00
7.218064000000000306e+03 1.004793999999999965e+00
7.218158999999999651e+03 1.005903999999999909e+00
7.218256000000000313e+03 9.985754999999999493e-01
7.218358000000000175e+03 1.008693999999999980e+00
7.218457999999999629e+03 1.000229999999999952e+00
7.218565999999999804e+03 1.005727000000000038e+00
7.218670000000000073e+03 1.001670999999999978e+00
7.218768000000000029e+03 1.008977999999999930e+00
7.218868999999999687e+03 1.010264999999999969e+00
7.218965000000000146e+03 9.966652000000000289e-01
7.219068000000000211e+03 1.014725000000000099e+00
7.219171000000000276e+03 9.998565999999999843e-01
7.219266000000000531e+03 9.909930000000000128e-01
7.219363000000000284e+03 9.936968000000000467e-01
7.219456000000000131e+03 9.944496999999999920e-01
7.219551000000000386e+03 9.988278000000000434e-01
7.219648000000000138e+03 1.003746000000000027e+00
7.219743000000000393e+03 9.966005000000000003e-01
7.219844000000000051e+03 1.005954000000000015e+00
7.219941000000000713e+03 1.005433999999999939e+00
7.220037999999999556e+03 1.004302999999999946e+00
7.220137000000000626e+03 9.999900000000000455e-01
7.220229999999999563e+03 1.007832000000000061e+00
7.220329000000000633e+03 1.002351999999999910e+00
7.220429000000000087e+03 1.010536000000000101e+00
7.220529999999999745e+03 9.997369000000000394e-01
7.220635999999999513e+03 9.964134000000000047e-01
7.220735000000000582e+03 1.002169000000000088e+00
7.220835000000000036e+03 1.000440999999999914e+00
7.220933999999999287e+03 1.001870999999999956e+00
7.221032000000000153e+03 1.005354999999999999e+00
7.221136999999999716e+03 1.002896000000000010e+00
7.221233000000000175e+03 9.994861999999999913e-01
7.221331000000000131e+03 9.977943999999999702e-01
7.221432999999999993e+03 1.002424999999999899e+00
7.221525999999999840e+03 1.015598000000000001e+00
7.221623000000000502e+03 1.011139999999999928e+00
7.221720000000000255e+03 9.936163999999999552e-01
7.221819000000000415e+03 1.003627000000000047e+00
7.221922000000000480e+03 1.003551000000000082e+00
7.222018000000000029e+03 1.000526000000000026e+00
7.222119000000000597e+03 1.003063000000000038e+00
7.222220000000000255e+03 9.966633000000000298e-01
7.222317000000000007e+03 9.964469999999999716e-01
7.222421999999999571e+03 9.877466999999999775e-01
7.222521999999999935e+03 1.000148999999999955e+00
7.222623999999999796e+03 9.984336999999999795e-01
7.222731999999999971e+03 9.925648999999999722e-01
7.222832999999999629e+03 1.014972999999999903e+00
7.222939000000000306e+03 1.011535000000000073e+00
7.223038999999999760e+03 1.014561000000000046e+00
7.223140999999999622e+03 1.011233000000000049e+00
7.223247999999999593e+03 1.009211000000000080e+00
7.223345000000000255e+03 1.008288999999999991e+00
7.223445999999999913e+03 1.002850999999999937e+00
7.223542000000000371e+03 1.002985999999999933e+00
7.223637999999999920e+03 1.005578000000000083e+00
7.223740999999999985e+03 1.002534999999999954e+00
7.223837999999999738e+03 1.002696999999999949e+00
7.223936999999999898e+03 9.886829999999999785e-01
7.224039000000000669e+03 1.003759999999999986e+00
7.224135000000000218e+03 9.927591000000000054e-01
7.224237999999999374e+03 9.923889999999999656e-01
7.224335000000000036e+03 1.007034999999999902e+00
7.224431999999999789e+03 1.007743999999999973e+00
7.224532000000000153e+03 9.971851999999999938e-01
7.224630000000000109e+03 1.002969999999999917e+00
7.224738000000000284e+03 1.003022999999999998e+00
7.224838999999999942e+03 9.832028000000000434e-01
7.224935000000000400e+03 9.908510999999999846e-01
7.225037999999999556e+03 9.882081999999999811e-01
7.225136999999999716e+03 1.006480000000000041e+00
7.225239000000000487e+03 9.966180000000000039e-01
7.225340000000000146e+03 9.831879999999999509e-01
7.225432999999999993e+03 9.993014999999999537e-01
7.225530999999999949e+03 9.993963000000000152e-01
7.225623999999999796e+03 9.958945000000000158e-01
7.225719000000000051e+03 9.986338999999999633e-01
7.225819000000000415e+03 1.008545000000000025e+00
7.225914999999999964e+03 1.002542000000000044e+00
7.226016999999999825e+03 9.945559000000000482e-01
7.226115999999999985e+03 1.005994000000000055e+00
7.226211000000000240e+03 9.989394000000000329e-01
7.226309999999999491e+03 9.955730999999999886e-01
7.226403000000000247e+03 9.904249999999999998e-01
7.226503999999999905e+03 9.995543999999999540e-01
7.226605000000000473e+03 9.935547000000000128e-01
7.226704999999999927e+03 9.888641000000000236e-01
7.226811999999999898e+03 9.990717999999999543e-01
7.226909999999999854e+03 9.915467000000000031e-01
7.227010000000000218e+03 9.924669000000000407e-01
7.227115999999999985e+03 1.007743999999999973e+00
7.227216000000000349e+03 1.006429000000000018e+00
7.227319999999999709e+03 1.000111999999999890e+00
7.227417999999999665e+03 9.914492000000000305e-01
7.227515000000000327e+03 9.981265000000000276e-01
7.227613999999999578e+03 9.953931000000000306e-01
7.227707999999999629e+03 1.001300999999999997e+00
7.227807999999999993e+03 9.887804999999999511e-01
7.227909999999999854e+03 1.010043999999999942e+00
7.228009000000000015e+03 9.900788999999999840e-01
7.228112999999999374e+03 9.883421999999999485e-01
7.228211000000000240e+03 9.980767999999999862e-01
7.228309999999999491e+03 9.981938999999999673e-01
7.228411000000000058e+03 1.008949000000000096e+00
7.228509000000000015e+03 9.930065999999999615e-01
7.228615999999999985e+03 1.000451999999999897e+00
7.228719000000000051e+03 1.001479999999999926e+00
7.228822000000000116e+03 9.955450999999999606e-01
7.228926999999999680e+03 1.005560000000000009e+00
7.229027000000000044e+03 1.007209000000000021e+00
7.229130999999999403e+03 1.002170999999999923e+00
7.229234000000000378e+03 9.918400000000000549e-01
7.229338000000000648e+03 9.925361999999999796e-01
7.229444000000000415e+03 9.949801000000000339e-01
7.229541000000000167e+03 9.863035999999999470e-01
7.229637999999999920e+03 1.002186999999999939e+00
7.229720000000000255e+03 9.942940999999999585e-01
7.229759000000000015e+03 1.005050999999999917e+00
7.229773000000000138e+03 1.007241999999999971e+00
