energy intensity
7.089883000000000720e+03 -5.591917000000000068e-03
7.089884000000000015e+03 -6.038715000000000055e-03
7.089885000000000218e+03 -5.540004000000000282e-03
7.089908000000000357e+03 -5.099099000000000166e-03
7.089978000000000065e+03 -2.321279999999999785e-03
7.090067999999999302e+03 -5.205450000000000355e-03
7.090167000000000371e+03 -5.697957000000000022e-03
7.090271999999999935e+03 -1.721585999999999993e-03
7.090372999999999593e+03 -2.153968000000000028e-03
7.090480000000000473e+03 -2.214427000000000149e-03
7.090578999999999724e+03 -4.834490000000000315e-03
7.090679000000000087e+03 -9.918098000000000192e-04
7.090784000000000560e+03 -2.250530000000000152e-03
7.090884000000000015e+03 -2.972999000000000041e-03
7.090987000000000080e+03 -1.513267999999999905e-03
7.091083000000000538e+03 -4.646797000000000254e-03
7.091179000000000087e+03 -2.108638999999999989e-04
7.091275000000000546e+03 -2.848214999999999861e-03
7.091367000000000189e+03 -3.019408999999999808e-03
7.091465000000000146e+03 -4.250191000000000385e-03
7.091560999999999694e+03 -1.504609999999999975e-03
7.091661000000000058e+03 -1.996130000000000040e-03
7.091761999999999716e+03 -5.816868999999999686e-03
7.091855999999999767e+03 -3.236352999999999973e-03
7.091954999999999927e+03 -3.404294999999999891e-03
7.092048999999999978e+03 -1.667040000000000058e-03
7.092151999999999134e+03 -1.160437999999999964e-03
7.092256999999999607e+03 -1.691896000000000025e-03
7.092356999999999971e+03 -1.099942000000000020e-03
7.092463000000000648e+03 -3.399797999999999883e-03
7.092564000000000306e+03 1.729639000000000046e-03
7.092666000000000167e+03 -3.696604000000000036e-03
7.092766000000000531e+03 -2.653116999999999975e-03
7.092864999999999782e+03 -1.381983000000000040e-03
7.092969000000000051e+03 -2.710821999999999884e-03
7.093067000000000007e+03 -6.172221000000000304e-03
7.093162999999999556e+03 -4.955112999999999705e-03
7.093257999999999811e+03 -3.348128000000000128e-03
7.093351000000000568e+03 -2.510675999999999880e-03
7.093452000000000226e+03 -2.130618999999999829e-03
7.093551999999999680e+03 -1.868232000000000052e-03
7.093652999999999338e+03 -3.433696999999999878e-03
7.093753999999999905e+03 -7.172002999999999712e-04
7.093851999999999862e+03 1.401158000000000004e-03
7.093952000000000226e+03 -1.389880000000000022e-03
7.094051000000000386e+03 -2.901896000000000163e-03
7.094155999999999949e+03 -1.901663999999999959e-03
7.094260000000000218e+03 -5.221344999999999632e-03
7.094365999999999985e+03 -2.759525999999999993e-03
7.094474000000000160e+03 -1.627973999999999914e-03
7.094572999999999411e+03 -4.696277999999999911e-03
7.094677999999999884e+03 -2.461502000000000069e-04
7.094782000000000153e+03 -2.790434999999999964e-03
7.094885999999999513e+03 -4.322121999999999748e-04
7.094990999999999985e+03 -3.147515999999999942e-03
7.095087999999999738e+03 1.957188000000000005e-04
7.095185999999999694e+03 -9.035121000000000124e-04
7.095283000000000357e+03 -3.211704000000000121e-03
7.095380999999999403e+03 -7.737635999999999993e-04
7.095483999999999469e+03 -3.082664000000000151e-03
7.095583000000000538e+03 -2.500004000000000115e-03
7.095689000000000306e+03 -1.052865000000000051e-03
7.095786999999999352e+03 6.471791999999999649e-04
7.095882999999999811e+03 2.850285999999999835e-04
7.095984999999999673e+03 -4.544931999999999792e-03
7.096083000000000538e+03 -8.407567000000000339e-04
7.096190999999999804e+03 -2.842822999999999965e-03
7.096295999999999367e+03 6.628381999999999720e-04
7.096396999999999935e+03 -1.093985000000000010e-03
7.096498999999999796e+03 3.402266999999999997e-05
7.096597999999999956e+03 -8.477657999999999461e-04
7.096703999999999724e+03 -3.826586999999999784e-03
7.096804999999999382e+03 5.626011000000000098e-05
7.096903000000000247e+03 1.721480000000000059e-04
7.097001999999999498e+03 -4.189236000000000153e-04
7.097096999999999753e+03 -2.581211999999999829e-03
7.097194999999999709e+03 -2.057176999999999877e-03
7.097287999999999556e+03 -2.720760000000000019e-04
7.097385000000000218e+03 -2.139320000000000110e-03
7.097485999999999876e+03 9.139813000000000104e-04
7.097585000000000036e+03 -2.125872999999999912e-03
7.097689000000000306e+03 5.631307000000000326e-04
7.097783999999999651e+03 1.134603000000000087e-03
7.097880000000000109e+03 -4.607834000000000105e-04
7.097979999999999563e+03 2.638689999999999959e-03
7.098081999999999425e+03 2.521306999999999975e-03
7.098188000000000102e+03 1.645661000000000086e-03
7.098289000000000669e+03 -5.708332000000000423e-04
7.098393000000000029e+03 6.381915999999999631e-04
7.098496000000000095e+03 -1.123602000000000021e-04
7.098594000000000051e+03 2.182893999999999893e-03
7.098699999999999818e+03 1.322934000000000002e-03
7.098800000000000182e+03 8.508511000000000503e-04
7.098902000000000044e+03 1.028824999999999922e-03
7.099001999999999498e+03 -1.683781999999999987e-03
7.099096000000000458e+03 3.277859000000000154e-03
7.099194999999999709e+03 8.751451999999999842e-04
7.099288999999999760e+03 9.707539999999999962e-04
7.099390999999999622e+03 5.598025999999999653e-04
7.099493999999999687e+03 -3.232320999999999914e-04
7.099594000000000051e+03 2.608622000000000111e-03
7.099698000000000320e+03 -1.056914000000000025e-04
7.099796000000000276e+03 2.913308999999999994e-04
7.099898999999999432e+03 2.473822000000000087e-03
7.100000000000000000e+03 3.591333000000000264e-04
7.100101999999999862e+03 1.904702999999999995e-03
7.100211000000000240e+03 -5.225988999999999678e-04
7.100316000000000713e+03 1.303474999999999903e-03
7.100422999999999774e+03 8.333659999999999896e-04
7.100525000000000546e+03 3.883042000000000177e-03
7.100627000000000407e+03 3.101463000000000050e-03
7.100734000000000378e+03 4.699921000000000133e-03
7.100836000000000240e+03 3.301360000000000145e-03
7.100939999999999600e+03 2.410074999999999804e-03
7.101037000000000262e+03 3.631693000000000074e-03
7.101130999999999403e+03 -1.660514000000000074e-05
7.101232999999999265e+03 2.425718999999999792e-03
7.101331000000000131e+03 3.327874000000000197e-03
7.101434000000000196e+03 4.333703000000000381e-03
7.101533999999999651e+03 2.647982000000000113e-03
7.101634000000000015e+03 -5.871449000000000373e-04
7.101735999999999876e+03 3.934588999999999621e-03
7.101831000000000131e+03 1.157522000000000021e-03
7.101932999999999993e+03 2.982291000000000195e-03
7.102030999999999949e+03 3.265450999999999944e-03
7.102135999999999513e+03 5.921845999999999707e-03
7.102242999999999483e+03 4.506646999999999910e-03
7.102344000000000051e+03 1.995904000000000168e-03
7.102445999999999913e+03 6.062638000000000402e-03
7.102542999999999665e+03 2.816300999999999787e-03
7.102644999999999527e+03 7.408810000000000048e-03
7.102748999999999796e+03 2.793373000000000037e-03
7.102846000000000458e+03 8.371817000000000147e-03
7.102945999999999913e+03 1.406259999999999975e-02
7.103039999999999964e+03 1.513746000000000015e-02
7.103136000000000422e+03 1.563849000000000142e-02
7.103233999999999469e+03 8.681694999999999690e-03
7.103329999999999927e+03 7.903669000000000319e-03
7.103434000000000196e+03 5.664103000000000193e-03
7.103532999999999447e+03 6.358637000000000317e-03
7.103633000000000720e+03 7.669249999999999852e-03
7.103730999999999767e+03 3.838907999999999817e-03
7.103826000000000022e+03 8.272554999999999145e-03
7.103929000000000087e+03 3.408825999999999783e-03
7.104028999999999542e+03 8.403360999999999817e-03
7.104132999999999811e+03 7.833064000000000693e-03
7.104237000000000080e+03 6.770833000000000407e-03
7.104338000000000648e+03 4.656015000000000327e-03
7.104444000000000415e+03 2.923054000000000017e-03
7.104545000000000073e+03 8.795231000000000576e-03
7.104646999999999935e+03 2.906747999999999797e-03
7.104748999999999796e+03 6.895369000000000151e-03
7.104846000000000458e+03 8.365341999999999570e-03
7.104948000000000320e+03 5.236183999999999630e-03
7.105044000000000779e+03 4.870959999999999700e-03
7.105140999999999622e+03 6.454368999999999731e-03
7.105239999999999782e+03 7.913819000000000756e-03
7.105341000000000349e+03 5.220139000000000376e-03
7.105447000000000116e+03 8.472036000000000497e-03
7.105545000000000073e+03 5.689140999999999990e-03
7.105645000000000437e+03 6.088429999999999710e-03
7.105743999999999687e+03 7.146071999999999841e-03
7.105844000000000051e+03 7.249763000000000214e-03
7.105947999999999411e+03 8.005527999999999603e-03
7.106050999999999476e+03 3.833331000000000151e-03
7.106157999999999447e+03 9.297797000000000006e-03
7.106261999999999716e+03 6.326520999999999881e-03
7.106364000000000487e+03 8.683638000000000468e-03
7.106470000000000255e+03 8.165880000000000360e-03
7.106572000000000116e+03 7.654674000000000200e-03
7.106675000000000182e+03 9.387915000000000149e-03
7.106777000000000044e+03 6.514223000000000409e-03
7.106874000000000706e+03 1.118870999999999928e-02
7.106971999999999753e+03 8.173279999999999781e-03
7.107065000000000509e+03 9.837570999999999816e-03
7.107166000000000167e+03 9.568620999999999377e-03
7.107266000000000531e+03 1.087635999999999985e-02
7.107364999999999782e+03 1.098304999999999941e-02
7.107465999999999440e+03 9.232446000000000055e-03
7.107560000000000400e+03 9.884933000000000261e-03
7.107659999999999854e+03 1.057862000000000038e-02
7.107759000000000015e+03 1.154576000000000040e-02
7.107854999999999563e+03 8.720946000000000253e-03
7.107956999999999425e+03 1.170832999999999943e-02
7.108059000000000196e+03 1.355538000000000055e-02
7.108163000000000466e+03 1.109378999999999921e-02
7.108262999999999920e+03 1.230781000000000062e-02
7.108361000000000786e+03 1.051473999999999985e-02
7.108463999999999942e+03 1.114567999999999982e-02
7.108564000000000306e+03 1.144826000000000003e-02
7.108668999999999869e+03 1.437801000000000010e-02
7.108768999999999323e+03 1.642294999999999866e-02
7.108860999999999876e+03 1.217782000000000066e-02
7.108960000000000036e+03 1.729601999999999876e-02
7.109054000000000087e+03 1.513089999999999921e-02
7.109150999999999840e+03 1.360110999999999959e-02
7.109248999999999796e+03 1.293034000000000024e-02
7.109346999999999753e+03 1.453772000000000050e-02
7.109449999999999818e+03 1.790715000000000015e-02
7.109546000000000276e+03 1.425960000000000075e-02
7.109643000000000029e+03 1.869362000000000107e-02
7.109738000000000284e+03 1.654347000000000109e-02
7.109838999999999942e+03 1.667431999999999942e-02
7.109944999999999709e+03 1.425959000000000081e-02
7.110047999999999774e+03 1.719087000000000046e-02
7.110152000000000044e+03 1.904789000000000135e-02
7.110253000000000611e+03 1.645643999999999926e-02
7.110353000000000065e+03 2.218240000000000142e-02
7.110458000000000538e+03 2.036249999999999866e-02
7.110560000000000400e+03 2.106575999999999935e-02
7.110664999999999964e+03 1.961007999999999848e-02
7.110765999999999622e+03 2.281408000000000047e-02
7.110863000000000284e+03 2.823627000000000081e-02
7.110962999999999738e+03 2.254719999999999988e-02
7.111055999999999585e+03 2.415963000000000138e-02
7.111157999999999447e+03 2.702898000000000106e-02
7.111259999999999309e+03 3.000548999999999925e-02
7.111362000000000080e+03 3.061109000000000052e-02
7.111465000000000146e+03 3.281598000000000154e-02
7.111560999999999694e+03 3.911892000000000147e-02
7.111661000000000058e+03 4.153202999999999756e-02
7.111759000000000015e+03 4.431704999999999672e-02
7.111862000000000080e+03 4.872303000000000051e-02
7.111967999999999847e+03 5.497598000000000068e-02
7.112072000000000116e+03 5.950893000000000155e-02
7.112179000000000087e+03 6.411748000000000447e-02
7.112279999999999745e+03 6.988028000000000295e-02
7.112382000000000517e+03 7.247336000000000056e-02
7.112485000000000582e+03 7.499490000000000323e-02
7.112582999999999629e+03 7.589150000000000063e-02
7.112688999999999396e+03 7.920997000000000454e-02
7.112788000000000466e+03 7.638232999999999828e-02
7.112881999999999607e+03 7.510988999999999860e-02
7.112976999999999862e+03 7.666844999999999910e-02
7.113069999999999709e+03 7.160679999999999823e-02
7.113171999999999571e+03 6.999993999999999661e-02
7.113271999999999935e+03 7.041061999999999321e-02
7.113369999999999891e+03 6.826967000000000452e-02
7.113467999999999847e+03 6.388655000000000028e-02
7.113563000000000102e+03 6.240815999999999725e-02
7.113661999999999352e+03 6.666774999999999785e-02
7.113759000000000015e+03 6.616038999999999948e-02
7.113856999999999971e+03 6.826894999999999492e-02
7.113960999999999331e+03 6.618815000000000115e-02
7.114063000000000102e+03 6.496172999999999531e-02
7.114169000000000779e+03 6.948335999999999402e-02
7.114269000000000233e+03 6.771048000000000344e-02
7.114367999999999483e+03 6.837709000000000148e-02
7.114470999999999549e+03 6.424383000000000177e-02
7.114570999999999913e+03 6.602397999999999600e-02
7.114673999999999978e+03 6.416289999999999494e-02
7.114769000000000233e+03 6.573318000000000216e-02
7.114863999999999578e+03 6.286308999999999647e-02
7.114960000000000036e+03 6.225113000000000174e-02
7.115052999999999884e+03 6.466376000000000068e-02
7.115154000000000451e+03 6.040091999999999683e-02
7.115251999999999498e+03 6.086682000000000203e-02
7.115351999999999862e+03 5.745159999999999850e-02
7.115454999999999927e+03 5.743020000000000069e-02
7.115551000000000386e+03 6.030817000000000122e-02
7.115649999999999636e+03 6.127213000000000104e-02
7.115747999999999593e+03 6.222385999999999889e-02
7.115851000000000568e+03 6.241506000000000137e-02
7.115956999999999425e+03 6.549552999999999625e-02
7.116059000000000196e+03 6.903260999999999425e-02
7.116166999999999462e+03 6.901337999999999917e-02
7.116268000000000029e+03 7.345021999999999662e-02
7.116372000000000298e+03 7.709744999999999793e-02
7.116478000000000065e+03 7.960772000000000681e-02
7.116577000000000226e+03 8.089126000000000649e-02
7.116680999999999585e+03 8.794746000000000508e-02
7.116779000000000451e+03 9.150532999999999584e-02
7.116876999999999498e+03 9.847371000000000596e-02
7.116974000000000160e+03 1.032455000000000039e-01
7.117070999999999913e+03 1.076922000000000018e-01
7.117173999999999978e+03 1.181309999999999999e-01
7.117274000000000342e+03 1.251230000000000120e-01
7.117378000000000611e+03 1.318510999999999989e-01
7.117476999999999862e+03 1.412713999999999914e-01
7.117572000000000116e+03 1.506705999999999879e-01
7.117676000000000386e+03 1.601815000000000044e-01
7.117777000000000044e+03 1.699106999999999978e-01
7.117880999999999403e+03 1.834716000000000125e-01
7.117983999999999469e+03 1.892994000000000065e-01
7.118085000000000036e+03 2.061166000000000109e-01
7.118192000000000007e+03 2.149361999999999939e-01
7.118292000000000371e+03 2.252911999999999970e-01
7.118391999999999825e+03 2.437026999999999943e-01
7.118493000000000393e+03 2.561176000000000008e-01
7.118591000000000349e+03 2.725462000000000162e-01
7.118693000000000211e+03 2.856478000000000073e-01
7.118787000000000262e+03 3.046975000000000100e-01
7.118881000000000313e+03 3.176314000000000082e-01
7.118974999999999454e+03 3.365932999999999842e-01
7.119069999999999709e+03 3.510366999999999793e-01
7.119170999999999367e+03 3.715878000000000236e-01
7.119268000000000029e+03 3.879077000000000219e-01
7.119365999999999985e+03 4.008953000000000100e-01
7.119462999999999738e+03 4.194975000000000231e-01
7.119557999999999993e+03 4.318903000000000048e-01
7.119659999999999854e+03 4.465256000000000225e-01
7.119757999999999811e+03 4.632710999999999912e-01
7.119859000000000378e+03 4.775383999999999740e-01
7.119964000000000851e+03 4.947091000000000127e-01
7.120065000000000509e+03 5.042714000000000363e-01
7.120167999999999665e+03 5.218952000000000035e-01
7.120264999999999418e+03 5.330726999999999549e-01
7.120368000000000393e+03 5.507412999999999892e-01
7.120470000000000255e+03 5.664527999999999786e-01
7.120568999999999505e+03 5.763006000000000517e-01
7.120669000000000779e+03 5.908392000000000088e-01
7.120760999999999513e+03 6.020906000000000313e-01
7.120856999999999971e+03 6.155479999999999841e-01
7.120954000000000633e+03 6.253956999999999988e-01
7.121050999999999476e+03 6.358867000000000269e-01
7.121152999999999338e+03 6.499487000000000458e-01
7.121251000000000204e+03 6.615760000000000529e-01
7.121351999999999862e+03 6.738345000000000029e-01
7.121451000000000022e+03 6.819058000000000064e-01
7.121546000000000276e+03 6.921536000000000355e-01
7.121648999999999432e+03 7.091294000000000208e-01
7.121749000000000706e+03 7.170227999999999602e-01
7.121856999999999971e+03 7.258510000000000240e-01
7.121962999999999738e+03 7.340411999999999493e-01
7.122063000000000102e+03 7.455275999999999570e-01
7.122168000000000575e+03 7.559812999999999672e-01
7.122270999999999731e+03 7.685845000000000038e-01
7.122376000000000204e+03 7.714461999999999708e-01
7.122479000000000269e+03 7.809717999999999938e-01
7.122577999999999520e+03 7.922021000000000202e-01
7.122680000000000291e+03 8.048391000000000295e-01
7.122774999999999636e+03 8.202907999999999866e-01
7.122871000000000095e+03 8.225472999999999812e-01
7.122969000000000051e+03 8.354388999999999843e-01
7.123067000000000007e+03 8.410600000000000298e-01
7.123173000000000684e+03 8.591288999999999731e-01
7.123273000000000138e+03 8.698603000000000307e-01
7.123371999999999389e+03 8.786180000000000101e-01
7.123469000000000051e+03 8.877289000000000430e-01
7.123563000000000102e+03 8.977211000000000496e-01
7.123668000000000575e+03 9.090854999999999908e-01
7.123770000000000437e+03 9.201620999999999828e-01
7.123872999999999593e+03 9.325472000000000206e-01
7.123975999999999658e+03 9.403894999999999893e-01
7.124074000000000524e+03 9.524987999999999788e-01
7.124177999999999884e+03 9.620041000000000286e-01
7.124278000000000247e+03 9.646375000000000366e-01
7.124378999999999905e+03 9.795409999999999950e-01
7.124478000000000065e+03 9.955116000000000520e-01
7.124577000000000226e+03 1.007466999999999890e+00
7.124676000000000386e+03 1.012286000000000019e+00
7.124768000000000029e+03 1.017744999999999900e+00
7.124862000000000080e+03 1.032470999999999917e+00
7.124958000000000538e+03 1.041771000000000003e+00
7.125054000000000087e+03 1.047714999999999952e+00
7.125157000000000153e+03 1.056059000000000081e+00
7.125256000000000313e+03 1.060160999999999909e+00
7.125352999999999156e+03 1.074019000000000057e+00
7.125449999999999818e+03 1.077949000000000046e+00
7.125546000000000276e+03 1.081563999999999970e+00
7.125646999999999935e+03 1.090597000000000039e+00
7.125744999999999891e+03 1.099015999999999993e+00
7.125848999999999251e+03 1.104470999999999981e+00
7.125953000000000429e+03 1.109560000000000102e+00
7.126052999999999884e+03 1.117199000000000053e+00
7.126155999999999949e+03 1.119002999999999970e+00
7.126253999999999905e+03 1.123731999999999953e+00
7.126356999999999971e+03 1.129429999999999934e+00
7.126461000000000240e+03 1.131610999999999922e+00
7.126557999999999993e+03 1.132085000000000008e+00
7.126658999999999651e+03 1.133437000000000028e+00
7.126752999999999702e+03 1.142676999999999943e+00
7.126847999999999956e+03 1.148876999999999926e+00
7.126945999999999913e+03 1.154562000000000088e+00
7.127043999999999869e+03 1.149834000000000023e+00
7.127148000000000138e+03 1.158145999999999898e+00
7.127247999999999593e+03 1.158334999999999892e+00
7.127349999999999454e+03 1.157151000000000041e+00
7.127449000000000524e+03 1.162868000000000013e+00
7.127543999999999869e+03 1.162203000000000097e+00
7.127648000000000138e+03 1.168137999999999899e+00
7.127751000000000204e+03 1.169713000000000003e+00
7.127859000000000378e+03 1.166387000000000063e+00
7.127964000000000851e+03 1.162647999999999904e+00
7.128064000000000306e+03 1.163181000000000020e+00
7.128170000000000073e+03 1.171983999999999915e+00
7.128271999999999935e+03 1.170887000000000011e+00
7.128375000000000000e+03 1.172901999999999889e+00
7.128478999999999360e+03 1.171519999999999895e+00
7.128577000000000226e+03 1.173044999999999893e+00
7.128676999999999680e+03 1.175246999999999931e+00
7.128774000000000342e+03 1.174501000000000017e+00
7.128869999999999891e+03 1.179893999999999998e+00
7.128968000000000757e+03 1.175583000000000045e+00
7.129064999999999600e+03 1.179491999999999985e+00
7.129170000000000073e+03 1.173713000000000006e+00
7.129270000000000437e+03 1.182279999999999998e+00
7.129365999999999985e+03 1.174628000000000005e+00
7.129462000000000444e+03 1.174903000000000031e+00
7.129557999999999993e+03 1.180576000000000070e+00
7.129661999999999352e+03 1.175931000000000060e+00
7.129762999999999920e+03 1.177626000000000062e+00
7.129864000000000487e+03 1.174312000000000022e+00
7.129966999999999643e+03 1.179469000000000101e+00
7.130065000000000509e+03 1.181346000000000007e+00
7.130168000000000575e+03 1.178803000000000045e+00
7.130268000000000029e+03 1.175505999999999940e+00
7.130367999999999483e+03 1.172468000000000066e+00
7.130469000000000051e+03 1.172874999999999890e+00
7.130565999999999804e+03 1.169837000000000016e+00
7.130666000000000167e+03 1.161145000000000094e+00
7.130759000000000015e+03 1.169227000000000016e+00
7.130853000000000065e+03 1.166114000000000095e+00
7.130952999999999520e+03 1.173740000000000006e+00
7.131050000000000182e+03 1.175156000000000089e+00
7.131153000000000247e+03 1.172409000000000034e+00
7.131250000000000000e+03 1.165060999999999902e+00
7.131346999999999753e+03 1.168970999999999982e+00
7.131444000000000415e+03 1.164832000000000090e+00
7.131539999999999964e+03 1.163670999999999900e+00
7.131643000000000029e+03 1.163462999999999914e+00
7.131743000000000393e+03 1.164295000000000080e+00
7.131846999999999753e+03 1.163748999999999922e+00
7.131953000000000429e+03 1.160462000000000105e+00
7.132052999999999884e+03 1.163181999999999938e+00
7.132155999999999949e+03 1.158660999999999941e+00
7.132256000000000313e+03 1.159057999999999922e+00
7.132358000000000175e+03 1.154824000000000073e+00
7.132462000000000444e+03 1.154908999999999963e+00
7.132559999999999491e+03 1.158400000000000096e+00
7.132659000000000560e+03 1.148274999999999935e+00
7.132753999999999905e+03 1.149451000000000001e+00
7.132851999999999862e+03 1.148543000000000092e+00
7.132951000000000022e+03 1.146034999999999915e+00
7.133047000000000480e+03 1.147995000000000099e+00
7.133152000000000044e+03 1.145618000000000025e+00
7.133253999999999905e+03 1.142632000000000092e+00
7.133352999999999156e+03 1.144898999999999889e+00
7.133453000000000429e+03 1.144546999999999981e+00
7.133548999999999978e+03 1.138791000000000109e+00
7.133653999999999542e+03 1.138509999999999911e+00
7.133757999999999811e+03 1.140945000000000098e+00
7.133863000000000284e+03 1.138914999999999900e+00
7.133967000000000553e+03 1.134215999999999891e+00
7.134067000000000007e+03 1.133030999999999899e+00
7.134171000000000276e+03 1.134430999999999967e+00
7.134273000000000138e+03 1.135420000000000096e+00
7.134375000000000000e+03 1.136301999999999923e+00
7.134478999999999360e+03 1.131574999999999998e+00
7.134573999999999614e+03 1.132243000000000110e+00
7.134673000000000684e+03 1.126988000000000101e+00
7.134768000000000029e+03 1.123882000000000048e+00
7.134862000000000080e+03 1.127077000000000107e+00
7.134960000000000036e+03 1.124265999999999988e+00
7.135056999999999789e+03 1.129226000000000063e+00
7.135158999999999651e+03 1.123863999999999974e+00
7.135258000000000720e+03 1.124250999999999889e+00
7.135350999999999658e+03 1.125699000000000005e+00
7.135447000000000116e+03 1.115834999999999910e+00
7.135543000000000575e+03 1.121310999999999947e+00
7.135645000000000437e+03 1.121024999999999938e+00
7.135747000000000298e+03 1.119401000000000090e+00
7.135847999999999956e+03 1.116084999999999994e+00
7.135951999999999316e+03 1.115712999999999955e+00
7.136051000000000386e+03 1.116274999999999906e+00
7.136154999999999745e+03 1.113696999999999937e+00
7.136255000000000109e+03 1.111069000000000084e+00
7.136354000000000269e+03 1.111513999999999891e+00
7.136457000000000335e+03 1.110232000000000108e+00
7.136555999999999585e+03 1.114621000000000084e+00
7.136653000000000247e+03 1.109143999999999908e+00
7.136744000000000597e+03 1.106262000000000079e+00
7.136837999999999738e+03 1.103442000000000034e+00
7.136938000000000102e+03 1.108195000000000041e+00
7.137034999999999854e+03 1.106362999999999985e+00
7.137136999999999716e+03 1.102829999999999977e+00
7.137235999999999876e+03 1.100265999999999966e+00
7.137330999999999221e+03 1.098943999999999921e+00
7.137431000000000495e+03 1.099833000000000061e+00
7.137527999999999338e+03 1.095674000000000037e+00
7.137628999999999905e+03 1.094759999999999955e+00
7.137730999999999767e+03 1.090222000000000024e+00
7.137832999999999629e+03 1.091169000000000056e+00
7.137940999999999804e+03 1.089576000000000100e+00
7.138041000000000167e+03 1.092006000000000032e+00
7.138144999999999527e+03 1.084375000000000089e+00
7.138247999999999593e+03 1.087515999999999927e+00
7.138351000000000568e+03 1.086789999999999923e+00
7.138456999999999425e+03 1.084575999999999985e+00
7.138554000000000087e+03 1.083952000000000027e+00
7.138652000000000044e+03 1.085126000000000035e+00
7.138748999999999796e+03 1.079615999999999909e+00
7.138845000000000255e+03 1.086621000000000059e+00
7.138948000000000320e+03 1.079595000000000082e+00
7.139047999999999774e+03 1.078962999999999894e+00
7.139148999999999432e+03 1.078246000000000038e+00
7.139251999999999498e+03 1.074003000000000041e+00
7.139347999999999956e+03 1.075750999999999902e+00
7.139447999999999411e+03 1.071045000000000025e+00
7.139547000000000480e+03 1.076432000000000055e+00
7.139649999999999636e+03 1.067274000000000056e+00
7.139756000000000313e+03 1.068589999999999929e+00
7.139858000000000175e+03 1.067669999999999897e+00
7.139965000000000146e+03 1.065549000000000079e+00
7.140062999999999192e+03 1.070151000000000074e+00
7.140164999999999964e+03 1.065932000000000102e+00
7.140270000000000437e+03 1.060696000000000083e+00
7.140369999999999891e+03 1.057355999999999963e+00
7.140471999999999753e+03 1.062996000000000052e+00
7.140565999999999804e+03 1.060167999999999999e+00
7.140662000000000262e+03 1.059010999999999925e+00
7.140759000000000015e+03 1.052594999999999947e+00
7.140853000000000065e+03 1.050213000000000063e+00
7.140951000000000022e+03 1.052499999999999991e+00
7.141047000000000480e+03 1.048656000000000033e+00
7.141146999999999935e+03 1.054316999999999949e+00
7.141247000000000298e+03 1.049096999999999946e+00
7.141339999999999236e+03 1.047474999999999934e+00
7.141439000000000306e+03 1.047576000000000063e+00
7.141534999999999854e+03 1.042157999999999918e+00
7.141638000000000829e+03 1.044194000000000067e+00
7.141743999999999687e+03 1.041932000000000080e+00
7.141842999999999847e+03 1.035979999999999901e+00
7.141947000000000116e+03 1.034834000000000032e+00
7.142046999999999571e+03 1.036102000000000078e+00
7.142148000000000138e+03 1.033617999999999926e+00
7.142251000000000204e+03 1.026618999999999948e+00
7.142349000000000160e+03 1.031660000000000021e+00
7.142451999999999316e+03 1.031727000000000061e+00
7.142548999999999978e+03 1.029117000000000060e+00
7.142643000000000029e+03 1.023705000000000087e+00
7.142740999999999985e+03 1.022521999999999931e+00
7.142833000000000538e+03 1.022815999999999947e+00
7.142934000000000196e+03 1.019015999999999922e+00
7.143036000000000058e+03 1.017390000000000017e+00
7.143134000000000015e+03 1.015727999999999964e+00
7.143234999999999673e+03 1.015864000000000100e+00
7.143331000000000131e+03 1.017562000000000078e+00
7.143430999999999585e+03 1.016591000000000022e+00
7.143529999999999745e+03 1.014040000000000052e+00
7.143632000000000517e+03 1.011063999999999963e+00
7.143739000000000487e+03 1.003589000000000064e+00
7.143843000000000757e+03 1.002428000000000097e+00
7.143949000000000524e+03 1.001012000000000013e+00
7.144052000000000589e+03 1.005049999999999999e+00
7.144152000000000044e+03 1.004709000000000074e+00
7.144259000000000015e+03 1.005322000000000049e+00
7.144360999999999876e+03 9.982248000000000232e-01
7.144466000000000349e+03 1.001147000000000009e+00
7.144565000000000509e+03 9.982446999999999848e-01
7.144658999999999651e+03 9.944060999999999595e-01
7.144758000000000720e+03 9.914941999999999922e-01
7.144854999999999563e+03 9.895604000000000067e-01
7.144957999999999629e+03 9.888829000000000091e-01
7.145057999999999993e+03 9.849949999999999539e-01
7.145157000000000153e+03 9.851166999999999563e-01
7.145260999999999513e+03 9.809835999999999556e-01
7.145356999999999971e+03 9.802167999999999992e-01
7.145456000000000131e+03 9.775930999999999926e-01
7.145555999999999585e+03 9.716529999999999889e-01
7.145658000000000357e+03 9.758715000000000028e-01
7.145765999999999622e+03 9.738978000000000357e-01
7.145867000000000189e+03 9.737527999999999739e-01
7.145969000000000051e+03 9.671414999999999873e-01
7.146067999999999302e+03 9.677236000000000171e-01
7.146166000000000167e+03 9.661383000000000054e-01
7.146273000000000138e+03 9.657010999999999790e-01
7.146372000000000298e+03 9.623123000000000093e-01
7.146470000000000255e+03 9.626295999999999742e-01
7.146564999999999600e+03 9.633146999999999682e-01
7.146657000000000153e+03 9.567497000000000362e-01
7.146753000000000611e+03 9.584681000000000450e-01
7.146846000000000458e+03 9.547314000000000078e-01
7.146944999999999709e+03 9.546535000000000437e-01
7.147045000000000073e+03 9.531125999999999765e-01
7.147143000000000029e+03 9.510714999999999586e-01
7.147244999999999891e+03 9.486518999999999924e-01
7.147338999999999942e+03 9.480528000000000288e-01
7.147433999999999287e+03 9.398969999999999825e-01
7.147533000000000357e+03 9.420640000000000125e-01
7.147634000000000015e+03 9.410764999999999825e-01
7.147739999999999782e+03 9.425052999999999903e-01
7.147838999999999942e+03 9.417263999999999635e-01
7.147941000000000713e+03 9.392833000000000432e-01
7.148043000000000575e+03 9.368062000000000333e-01
7.148139999999999418e+03 9.368471999999999911e-01
7.148243999999999687e+03 9.366406999999999927e-01
7.148342999999999847e+03 9.304453999999999780e-01
7.148443999999999505e+03 9.351078000000000445e-01
7.148545000000000073e+03 9.316012000000000182e-01
7.148637999999999920e+03 9.281585999999999448e-01
7.148733000000000175e+03 9.190207999999999711e-01
7.148827999999999520e+03 9.255746999999999725e-01
7.148926000000000386e+03 9.204423999999999939e-01
7.149029999999999745e+03 9.179275000000000073e-01
7.149128999999999905e+03 9.207785000000000553e-01
7.149230000000000473e+03 9.171797999999999895e-01
7.149328999999999724e+03 9.163616999999999457e-01
7.149426000000000386e+03 9.164423000000000430e-01
7.149529000000000451e+03 9.198482999999999521e-01
7.149628999999999905e+03 9.137933999999999779e-01
7.149735999999999876e+03 9.121814999999999785e-01
7.149841000000000349e+03 9.122993000000000352e-01
7.149943999999999505e+03 9.065391000000000421e-01
7.150048999999999978e+03 9.085763999999999507e-01
7.150148999999999432e+03 9.067037999999999487e-01
7.150253999999999905e+03 9.076140999999999792e-01
7.150356999999999971e+03 9.038895000000000124e-01
7.150458999999999833e+03 9.067773999999999557e-01
7.150559999999999491e+03 9.080897999999999470e-01
7.150654000000000451e+03 9.022510999999999726e-01
7.150751999999999498e+03 9.050215000000000343e-01
7.150849000000000160e+03 8.993733000000000422e-01
7.150947999999999411e+03 9.011369999999999658e-01
7.151051999999999680e+03 9.010517000000000110e-01
7.151148000000000138e+03 8.986739999999999728e-01
7.151251000000000204e+03 8.963929000000000480e-01
7.151350999999999658e+03 9.024531000000000081e-01
7.151443999999999505e+03 8.985087999999999964e-01
7.151544999999999163e+03 8.984539000000000275e-01
7.151641999999999825e+03 8.946266999999999969e-01
7.151748000000000502e+03 8.930544000000000260e-01
7.151854000000000269e+03 8.900084999999999802e-01
7.151952999999999520e+03 8.947825999999999835e-01
7.152054000000000087e+03 8.928418000000000188e-01
7.152152000000000044e+03 8.935956000000000454e-01
7.152252999999999702e+03 8.926739000000000201e-01
7.152355999999999767e+03 8.844570999999999961e-01
7.152452000000000226e+03 8.878373999999999988e-01
7.152550999999999476e+03 8.870227000000000528e-01
7.152643999999999323e+03 8.888973999999999487e-01
7.152739000000000487e+03 8.924678000000000333e-01
7.152835999999999331e+03 8.895332999999999712e-01
7.152930999999999585e+03 8.876344999999999930e-01
7.153033999999999651e+03 8.871154999999999458e-01
7.153132000000000517e+03 8.903115999999999808e-01
7.153229999999999563e+03 8.871305999999999914e-01
7.153329000000000633e+03 8.870021000000000155e-01
7.153421999999999571e+03 8.890972999999999793e-01
7.153523000000000138e+03 8.860862999999999934e-01
7.153622000000000298e+03 8.866083999999999632e-01
7.153724000000000160e+03 8.851065000000000182e-01
7.153829999999999927e+03 8.789365999999999568e-01
7.153927999999999884e+03 8.796623000000000081e-01
7.154033000000000357e+03 8.896309999999999496e-01
7.154135000000000218e+03 8.826040000000000552e-01
7.154233999999999469e+03 8.823317999999999994e-01
7.154340000000000146e+03 8.846232000000000539e-01
7.154436999999999898e+03 8.854634999999999589e-01
7.154537000000000262e+03 8.850316999999999767e-01
7.154635000000000218e+03 8.854037000000000157e-01
7.154729999999999563e+03 8.901156999999999542e-01
7.154829999999999927e+03 8.870970999999999718e-01
7.154925999999999476e+03 8.857593999999999745e-01
7.155032000000000153e+03 8.842716000000000465e-01
7.155131999999999607e+03 8.832138000000000488e-01
7.155231999999999971e+03 8.823208999999999635e-01
7.155333999999999833e+03 8.865056000000000047e-01
7.155431000000000495e+03 8.836384000000000460e-01
7.155533000000000357e+03 8.859856000000000398e-01
7.155635000000000218e+03 8.860923000000000549e-01
7.155738000000000284e+03 8.849782999999999955e-01
7.155846000000000458e+03 8.838044000000000455e-01
7.155948000000000320e+03 8.796802999999999706e-01
7.156052999999999884e+03 8.774961000000000011e-01
7.156155999999999949e+03 8.857372000000000023e-01
7.156257999999999811e+03 8.837374000000000063e-01
7.156364999999999782e+03 8.842048000000000130e-01
7.156463999999999942e+03 8.819578999999999613e-01
7.156561999999999898e+03 8.836355000000000182e-01
7.156658000000000357e+03 8.827420000000000266e-01
7.156752999999999702e+03 8.866308999999999996e-01
7.156856000000000677e+03 8.883727999999999625e-01
7.156952999999999520e+03 8.862128000000000227e-01
7.157052000000000589e+03 8.907583000000000029e-01
7.157150999999999840e+03 8.885359999999999925e-01
7.157247000000000298e+03 8.877416999999999669e-01
7.157346999999999753e+03 8.867589999999999639e-01
7.157443999999999505e+03 8.869704999999999950e-01
7.157541000000000167e+03 8.893645000000000023e-01
7.157640999999999622e+03 8.890772000000000119e-01
7.157742000000000189e+03 8.899654000000000176e-01
7.157846000000000458e+03 8.874195000000000277e-01
7.157947000000000116e+03 8.901289999999999480e-01
7.158045000000000073e+03 8.887256999999999518e-01
7.158148999999999432e+03 8.924741999999999953e-01
7.158248000000000502e+03 8.953406999999999893e-01
7.158353000000000065e+03 8.932567999999999619e-01
7.158451999999999316e+03 8.931424999999999503e-01
7.158547999999999774e+03 8.916174999999999518e-01
7.158645999999999731e+03 8.918019000000000363e-01
7.158739999999999782e+03 8.917304999999999815e-01
7.158838999999999942e+03 8.930943999999999550e-01
7.158934999999999491e+03 8.978804000000000229e-01
7.159033000000000357e+03 8.905281000000000446e-01
7.159135000000000218e+03 8.933936999999999573e-01
7.159231999999999971e+03 8.934455000000000036e-01
7.159331000000000131e+03 8.934748999999999608e-01
7.159425999999999476e+03 8.957633999999999874e-01
7.159523000000000138e+03 8.906640000000000112e-01
7.159630000000000109e+03 8.947422999999999904e-01
7.159731999999999971e+03 8.962552999999999770e-01
7.159836999999999534e+03 8.972404000000000490e-01
7.159938000000000102e+03 8.964273000000000380e-01
7.160037000000000262e+03 8.988814000000000526e-01
7.160141999999999825e+03 8.973969000000000529e-01
7.160243999999999687e+03 8.991818000000000310e-01
7.160349000000000160e+03 8.993681000000000036e-01
7.160451000000000022e+03 8.963934999999999542e-01
7.160550000000000182e+03 8.969973999999999448e-01
7.160650000000000546e+03 8.955735000000000223e-01
7.160744000000000597e+03 8.969985000000000319e-01
7.160841999999999643e+03 9.024440000000000239e-01
7.160943999999999505e+03 9.023417000000000243e-01
7.161044000000000779e+03 9.074265000000000247e-01
7.161149000000000342e+03 9.040597999999999690e-01
7.161247000000000298e+03 9.034763999999999573e-01
7.161344000000000051e+03 9.051249000000000100e-01
7.161444000000000415e+03 9.091905000000000125e-01
7.161543999999999869e+03 9.086303999999999492e-01
7.161650999999999840e+03 9.080243999999999538e-01
7.161752999999999702e+03 9.055520999999999709e-01
7.161856999999999971e+03 9.051236999999999755e-01
7.161961999999999534e+03 9.103181999999999663e-01
7.162061999999999898e+03 9.105083000000000482e-01
7.162166000000000167e+03 9.120751000000000275e-01
7.162265999999999622e+03 9.135296000000000527e-01
7.162368999999999687e+03 9.175218000000000540e-01
7.162473999999999251e+03 9.131728999999999541e-01
7.162569000000000415e+03 9.106577999999999617e-01
7.162664000000000669e+03 9.158349999999999547e-01
7.162756999999999607e+03 9.135434000000000054e-01
7.162853000000000065e+03 9.156634000000000162e-01
7.162953999999999724e+03 9.145305999999999713e-01
7.163052999999999884e+03 9.127140999999999726e-01
7.163153999999999542e+03 9.160523999999999889e-01
7.163250000000000000e+03 9.211230999999999725e-01
7.163344999999999345e+03 9.192681000000000324e-01
7.163444000000000415e+03 9.226299000000000028e-01
7.163537999999999556e+03 9.185094000000000314e-01
7.163639000000000124e+03 9.212413000000000407e-01
7.163742000000000189e+03 9.192226000000000008e-01
7.163844000000000051e+03 9.183877000000000290e-01
7.163948999999999614e+03 9.195619000000000431e-01
7.164047000000000480e+03 9.297163000000000510e-01
7.164146999999999935e+03 9.251087999999999534e-01
7.164250000000000000e+03 9.262230999999999659e-01
7.164351999999999862e+03 9.219524000000000052e-01
7.164453999999999724e+03 9.273523000000000183e-01
7.164548999999999978e+03 9.266303000000000178e-01
7.164645000000000437e+03 9.235910999999999982e-01
7.164739999999999782e+03 9.258543999999999663e-01
7.164832999999999629e+03 9.294689000000000423e-01
7.164933999999999287e+03 9.290920000000000289e-01
7.165030999999999949e+03 9.249500999999999973e-01
7.165132999999999811e+03 9.294772999999999508e-01
7.165234999999999673e+03 9.312601000000000351e-01
7.165332000000000335e+03 9.284828999999999999e-01
7.165429999999999382e+03 9.334202000000000332e-01
7.165525999999999840e+03 9.339123999999999759e-01
7.165626999999999498e+03 9.359636000000000067e-01
7.165733000000000175e+03 9.372829000000000299e-01
7.165836999999999534e+03 9.340317999999999676e-01
7.165943000000000211e+03 9.398608000000000517e-01
7.166045999999999367e+03 9.389305000000000012e-01
7.166146999999999935e+03 9.366718000000000544e-01
7.166253999999999905e+03 9.317545999999999884e-01
7.166353000000000065e+03 9.338545000000000318e-01
7.166458999999999833e+03 9.362279999999999491e-01
7.166560999999999694e+03 9.375444000000000555e-01
7.166658000000000357e+03 9.425109999999999877e-01
7.166757999999999811e+03 9.406385000000000440e-01
7.166851999999999862e+03 9.407623999999999986e-01
7.166952000000000226e+03 9.416371000000000047e-01
7.167055000000000291e+03 9.450155000000000083e-01
7.167155999999999949e+03 9.464394999999999891e-01
7.167259999999999309e+03 9.478621999999999881e-01
7.167356999999999971e+03 9.488598999999999783e-01
7.167455999999999221e+03 9.424700000000000299e-01
7.167556000000000495e+03 9.441021000000000551e-01
7.167655999999999949e+03 9.465103999999999740e-01
7.167764000000000124e+03 9.511269999999999447e-01
7.167863999999999578e+03 9.528408999999999907e-01
7.167970000000000255e+03 9.483837000000000517e-01
7.168073999999999614e+03 9.513987000000000416e-01
7.168171000000000276e+03 9.505919999999999925e-01
7.168275999999999840e+03 9.570855999999999808e-01
7.168373999999999796e+03 9.533363999999999727e-01
7.168475000000000364e+03 9.569486000000000381e-01
7.168577000000000226e+03 9.558229999999999782e-01
7.168670999999999367e+03 9.573475999999999653e-01
7.168766999999999825e+03 9.555746999999999991e-01
7.168859999999999673e+03 9.549560999999999744e-01
7.168956999999999425e+03 9.563422999999999785e-01
7.169056999999999789e+03 9.546373999999999693e-01
7.169154999999999745e+03 9.563091000000000230e-01
7.169255000000000109e+03 9.552937999999999708e-01
7.169351999999999862e+03 9.569630999999999554e-01
7.169448000000000320e+03 9.614810999999999774e-01
7.169548999999999978e+03 9.550342000000000553e-01
7.169645000000000437e+03 9.585875999999999841e-01
7.169750000000000000e+03 9.550197999999999743e-01
7.169854000000000269e+03 9.538927999999999852e-01
7.169956000000000131e+03 9.638970999999999512e-01
7.170060000000000400e+03 9.639136999999999844e-01
7.170156999999999243e+03 9.624118000000000395e-01
7.170261000000000422e+03 9.631537000000000015e-01
7.170363000000000284e+03 9.685435999999999490e-01
7.170461000000000240e+03 9.679282999999999637e-01
7.170562999999999192e+03 9.684958000000000178e-01
7.170657000000000153e+03 9.695481999999999712e-01
7.170753999999999905e+03 9.701509999999999856e-01
7.170853000000000065e+03 9.772140999999999744e-01
7.170948000000000320e+03 9.714815999999999452e-01
7.171051000000000386e+03 9.720100999999999880e-01
7.171148999999999432e+03 9.754949000000000536e-01
7.171250000000000000e+03 9.765692000000000261e-01
7.171350999999999658e+03 9.764169999999999794e-01
7.171447999999999411e+03 9.788888999999999507e-01
7.171551000000000386e+03 9.794644999999999602e-01
7.171652000000000044e+03 9.754146000000000205e-01
7.171757999999999811e+03 9.839075000000000459e-01
7.171864000000000487e+03 9.806000000000000272e-01
7.171965000000000146e+03 9.846515999999999602e-01
7.172072000000000116e+03 9.881824999999999637e-01
7.172175000000000182e+03 9.898550999999999878e-01
7.172278000000000247e+03 9.938038000000000149e-01
7.172385000000000218e+03 9.884319000000000299e-01
7.172483999999999469e+03 9.949980000000000491e-01
7.172587000000000444e+03 9.866196000000000410e-01
7.172685999999999694e+03 9.900719999999999521e-01
7.172782000000000153e+03 9.947361999999999593e-01
7.172881000000000313e+03 9.943646000000000429e-01
7.172978999999999360e+03 9.976916999999999591e-01
7.173083999999999833e+03 9.935382999999999853e-01
7.173184000000000196e+03 9.976304999999999756e-01
7.173283999999999651e+03 9.981098000000000470e-01
7.173384000000000015e+03 9.965543999999999514e-01
7.173479000000000269e+03 9.971931000000000545e-01
7.173581999999999425e+03 9.958008999999999888e-01
7.173683999999999287e+03 1.000674000000000063e+00
7.173783000000000357e+03 9.983592999999999495e-01
7.173889000000000124e+03 9.981531000000000153e-01
7.173988999999999578e+03 9.994167999999999941e-01
7.174091999999999643e+03 1.001319000000000070e+00
7.174194999999999709e+03 1.001330999999999971e+00
7.174293999999999869e+03 1.002677999999999958e+00
7.174398000000000138e+03 1.001508000000000065e+00
7.174496000000000095e+03 9.982581999999999844e-01
7.174592999999999847e+03 1.001827000000000023e+00
7.174689000000000306e+03 1.008153999999999995e+00
7.174780999999999949e+03 1.004898000000000069e+00
7.174878999999999905e+03 1.002000999999999920e+00
7.174974000000000160e+03 1.004369999999999985e+00
7.175074000000000524e+03 1.008918999999999899e+00
7.175176999999999680e+03 1.006269000000000080e+00
7.175273000000000138e+03 1.005830000000000002e+00
7.175371000000000095e+03 1.005649999999999933e+00
7.175467000000000553e+03 1.007911999999999919e+00
7.175564999999999600e+03 1.008145000000000069e+00
7.175665999999999258e+03 1.005452000000000012e+00
7.175764000000000124e+03 1.007168999999999981e+00
7.175871000000000095e+03 1.007525000000000004e+00
7.175970999999999549e+03 1.011133000000000060e+00
7.176070000000000618e+03 1.010663000000000089e+00
7.176175000000000182e+03 1.011230999999999991e+00
7.176271999999999935e+03 1.010315999999999992e+00
7.176377999999999702e+03 1.006718999999999919e+00
7.176481999999999971e+03 1.008674000000000071e+00
7.176579000000000633e+03 1.012211999999999890e+00
7.176679000000000087e+03 1.010272000000000059e+00
7.176771999999999935e+03 1.015497000000000094e+00
7.176869999999999891e+03 1.013649999999999940e+00
7.176969000000000051e+03 1.013760999999999912e+00
7.177067000000000007e+03 1.011964000000000086e+00
7.177172999999999774e+03 1.014000000000000012e+00
7.177273999999999432e+03 1.015686000000000089e+00
7.177374000000000706e+03 1.014426000000000050e+00
7.177474000000000160e+03 1.009068999999999994e+00
7.177568000000000211e+03 1.014893999999999963e+00
7.177675000000000182e+03 1.020545999999999953e+00
7.177779000000000451e+03 1.015123999999999915e+00
7.177884000000000015e+03 1.017754999999999965e+00
7.177990000000000691e+03 1.010831000000000035e+00
7.178091000000000349e+03 1.017023999999999928e+00
7.178195999999999913e+03 1.015560000000000018e+00
7.178297999999999774e+03 1.016318000000000055e+00
7.178402000000000044e+03 1.015835999999999961e+00
7.178506999999999607e+03 1.011535000000000073e+00
7.178606999999999971e+03 1.015622999999999942e+00
7.178707000000000335e+03 1.012332999999999927e+00
7.178801999999999680e+03 1.019039000000000028e+00
7.178896999999999935e+03 1.019765000000000033e+00
7.178997999999999593e+03 1.015589999999999993e+00
7.179094000000000051e+03 1.020334000000000074e+00
7.179198999999999614e+03 1.013397000000000103e+00
7.179300999999999476e+03 1.017719000000000040e+00
7.179395000000000437e+03 1.018156000000000061e+00
7.179493999999999687e+03 1.019675000000000109e+00
7.179585999999999331e+03 1.016883999999999899e+00
7.179687999999999192e+03 1.016040000000000054e+00
7.179792999999999665e+03 1.019168999999999992e+00
7.179894000000000233e+03 1.017670999999999992e+00
7.179998000000000502e+03 1.020853999999999928e+00
7.180096999999999753e+03 1.019576000000000038e+00
7.180195999999999913e+03 1.022305999999999937e+00
7.180297999999999774e+03 1.016925000000000079e+00
7.180395999999999731e+03 1.014918999999999905e+00
7.180500000000000000e+03 1.019174000000000024e+00
7.180599000000000160e+03 1.016237999999999975e+00
7.180697000000000116e+03 1.022319999999999895e+00
7.180795000000000073e+03 1.012351000000000001e+00
7.180886000000000422e+03 1.017152999999999974e+00
7.180983000000000175e+03 1.016046000000000005e+00
7.181081000000000131e+03 1.022998999999999992e+00
7.181180999999999585e+03 1.019247999999999932e+00
7.181283999999999651e+03 1.015932999999999975e+00
7.181380000000000109e+03 1.016721999999999904e+00
7.181479999999999563e+03 1.018736000000000086e+00
7.181574999999999818e+03 1.021444999999999936e+00
7.181670999999999367e+03 1.020866000000000051e+00
7.181775999999999840e+03 1.020121999999999973e+00
7.181876000000000204e+03 1.018669000000000047e+00
7.181981000000000677e+03 1.013697999999999988e+00
7.182086000000000240e+03 1.020497999999999905e+00
7.182184000000000196e+03 1.019114999999999993e+00
7.182287999999999556e+03 1.020453000000000054e+00
7.182388000000000829e+03 1.020807999999999938e+00
7.182490999999999985e+03 1.017060999999999993e+00
7.182596000000000458e+03 1.021679000000000004e+00
7.182693999999999505e+03 1.016426999999999969e+00
7.182794000000000779e+03 1.021527999999999992e+00
7.182889000000000124e+03 1.021719999999999962e+00
7.182987000000000080e+03 1.022850999999999955e+00
7.183087999999999738e+03 1.021614999999999940e+00
7.183186999999999898e+03 1.020991999999999900e+00
7.183291999999999462e+03 1.023482999999999921e+00
7.183394000000000233e+03 1.022005000000000052e+00
7.183493000000000393e+03 1.023341999999999974e+00
7.183594000000000051e+03 1.020564000000000027e+00
7.183690000000000509e+03 1.017034999999999911e+00
7.183795000000000073e+03 1.020510999999999946e+00
7.183900000000000546e+03 1.023687999999999931e+00
7.184003999999999905e+03 1.021628999999999898e+00
7.184110999999999876e+03 1.020272000000000068e+00
7.184211000000000240e+03 1.023670000000000080e+00
7.184315999999999804e+03 1.017659000000000091e+00
7.184418999999999869e+03 1.024162000000000017e+00
7.184520000000000437e+03 1.023856000000000099e+00
7.184625000000000000e+03 1.022985000000000033e+00
7.184720999999999549e+03 1.032021000000000077e+00
7.184818000000000211e+03 1.023573999999999984e+00
7.184916000000000167e+03 1.023325999999999958e+00
7.185009000000000015e+03 1.021489000000000091e+00
7.185109999999999673e+03 1.025012000000000034e+00
7.185206000000000131e+03 1.025277999999999912e+00
7.185306999999999789e+03 1.022389999999999910e+00
7.185409999999999854e+03 1.023099999999999898e+00
7.185506000000000313e+03 1.025149000000000088e+00
7.185601999999999862e+03 1.024609000000000103e+00
7.185697000000000116e+03 1.020821999999999896e+00
7.185796000000000276e+03 1.022969000000000017e+00
7.185900000000000546e+03 1.022386000000000017e+00
7.186000000000000000e+03 1.025674999999999892e+00
7.186104000000000269e+03 1.022744000000000097e+00
7.186202999999999520e+03 1.018729999999999913e+00
7.186302999999999884e+03 1.024370000000000003e+00
7.186408000000000357e+03 1.027166000000000023e+00
7.186505999999999403e+03 1.022661999999999960e+00
7.186606999999999971e+03 1.024858000000000047e+00
7.186707000000000335e+03 1.018988000000000005e+00
7.186802999999999884e+03 1.027335000000000109e+00
7.186902000000000044e+03 1.020745000000000013e+00
7.186994000000000597e+03 1.024588000000000054e+00
7.187090999999999440e+03 1.025606999999999935e+00
7.187190000000000509e+03 1.024172000000000082e+00
7.187287000000000262e+03 1.029095000000000093e+00
7.187390999999999622e+03 1.023682999999999899e+00
7.187485999999999876e+03 1.028313000000000033e+00
7.187585000000000036e+03 1.029484000000000066e+00
7.187685000000000400e+03 1.030342000000000091e+00
7.187782999999999447e+03 1.026558000000000082e+00
7.187886999999999716e+03 1.031792999999999960e+00
7.187987000000000080e+03 1.029091999999999896e+00
7.188088999999999942e+03 1.027670000000000083e+00
7.188195999999999913e+03 1.022140000000000049e+00
7.188293999999999869e+03 1.027080999999999911e+00
7.188398000000000138e+03 1.031981999999999955e+00
7.188500999999999294e+03 1.028836000000000084e+00
7.188603000000000065e+03 1.028356000000000048e+00
7.188704999999999927e+03 1.024922000000000111e+00
7.188799999999999272e+03 1.027814000000000005e+00
7.188900000000000546e+03 1.024005000000000054e+00
7.188996999999999389e+03 1.022140000000000049e+00
7.189094000000000051e+03 1.025560999999999945e+00
7.189197000000000116e+03 1.020334999999999992e+00
7.189296999999999571e+03 1.030709000000000097e+00
7.189398000000000138e+03 1.024663000000000102e+00
7.189498999999999796e+03 1.023713000000000095e+00
7.189595999999999549e+03 1.021520999999999901e+00
7.189695999999999913e+03 1.022535999999999889e+00
7.189796000000000276e+03 1.028024000000000049e+00
7.189898000000000138e+03 1.026853000000000016e+00
7.190002999999999702e+03 1.029743999999999993e+00
7.190104999999999563e+03 1.027792999999999957e+00
7.190209000000000742e+03 1.026901999999999981e+00
7.190307999999999993e+03 1.028496999999999995e+00
7.190409999999999854e+03 1.029128999999999960e+00
7.190515000000000327e+03 1.026135999999999937e+00
7.190614000000000487e+03 1.021951999999999972e+00
7.190715000000000146e+03 1.024589999999999890e+00
7.190809000000000196e+03 1.020027000000000017e+00
7.190903999999999542e+03 1.021519999999999984e+00
7.191003000000000611e+03 1.021028999999999964e+00
7.191096999999999753e+03 1.029050999999999938e+00
7.191194000000000415e+03 1.030602000000000018e+00
7.191291999999999462e+03 1.026018000000000097e+00
7.191389000000000124e+03 1.027481000000000089e+00
7.191490999999999985e+03 1.030826000000000020e+00
7.191585000000000036e+03 1.025927000000000033e+00
7.191680999999999585e+03 1.027668000000000026e+00
7.191777000000000044e+03 1.027425000000000033e+00
7.191875999999999294e+03 1.021227000000000107e+00
7.191980999999999767e+03 1.022594000000000003e+00
7.192082000000000335e+03 1.021530000000000049e+00
7.192182999999999993e+03 1.022807999999999939e+00
7.192282999999999447e+03 1.023436000000000012e+00
7.192382000000000517e+03 1.027700000000000058e+00
7.192487000000000080e+03 1.020188000000000095e+00
7.192585000000000036e+03 1.027055999999999969e+00
7.192684000000000196e+03 1.023201000000000027e+00
7.192784999999999854e+03 1.022947999999999968e+00
7.192878999999999905e+03 1.021506000000000025e+00
7.192974999999999454e+03 1.013403000000000054e+00
7.193069999999999709e+03 1.022672000000000025e+00
7.193164000000000669e+03 1.026008999999999949e+00
7.193268000000000029e+03 1.025185000000000013e+00
7.193367000000000189e+03 1.019997999999999960e+00
7.193466000000000349e+03 1.028906000000000098e+00
7.193564000000000306e+03 1.026567999999999925e+00
7.193659000000000560e+03 1.022715000000000041e+00
7.193759000000000015e+03 1.022469000000000072e+00
7.193857999999999265e+03 1.021468000000000043e+00
7.193961000000000240e+03 1.025512999999999897e+00
7.194067000000000007e+03 1.018243000000000009e+00
7.194168999999999869e+03 1.020547000000000093e+00
7.194275000000000546e+03 1.020794999999999897e+00
7.194375000000000000e+03 1.021234999999999893e+00
7.194474999999999454e+03 1.031136999999999970e+00
7.194581999999999425e+03 1.022580000000000044e+00
7.194683999999999287e+03 1.028842000000000034e+00
7.194788999999999760e+03 1.022745999999999933e+00
7.194885000000000218e+03 1.018283000000000049e+00
7.194979000000000269e+03 1.024547000000000097e+00
7.195077999999999520e+03 1.020547000000000093e+00
7.195173999999999978e+03 1.023708000000000062e+00
7.195278000000000247e+03 1.020024000000000042e+00
7.195378999999999905e+03 1.017813999999999997e+00
7.195476000000000568e+03 1.020013000000000059e+00
7.195579999999999927e+03 1.027563000000000004e+00
7.195675999999999476e+03 1.020378000000000007e+00
7.195773000000000138e+03 1.016553999999999958e+00
7.195869999999999891e+03 1.023063000000000056e+00
7.195970000000000255e+03 1.022299000000000069e+00
7.196078999999999724e+03 1.018723999999999963e+00
7.196180000000000291e+03 1.010828000000000060e+00
7.196279999999999745e+03 1.017627999999999977e+00
7.196380000000000109e+03 1.020732999999999890e+00
7.196476999999999862e+03 1.014399000000000051e+00
7.196582000000000335e+03 1.020316000000000001e+00
7.196684000000000196e+03 1.018162000000000011e+00
7.196782000000000153e+03 1.025381000000000098e+00
7.196877999999999702e+03 1.016512000000000082e+00
7.196970999999999549e+03 1.020081000000000016e+00
7.197067000000000007e+03 1.018780999999999937e+00
7.197161999999999352e+03 1.019911000000000012e+00
7.197256000000000313e+03 1.020456000000000030e+00
7.197355999999999767e+03 1.013879999999999892e+00
7.197453000000000429e+03 1.016853000000000007e+00
7.197554000000000087e+03 1.013619000000000048e+00
7.197650000000000546e+03 1.017878999999999978e+00
7.197743000000000393e+03 1.020240999999999953e+00
7.197842999999999847e+03 1.019695999999999936e+00
7.197940999999999804e+03 1.021052999999999988e+00
7.198044000000000779e+03 1.018068999999999891e+00
7.198148000000000138e+03 1.016124999999999945e+00
7.198244999999999891e+03 1.016045000000000087e+00
7.198346999999999753e+03 1.022564000000000028e+00
7.198445999999999913e+03 1.020413000000000014e+00
7.198546000000000276e+03 1.017425000000000024e+00
7.198649999999999636e+03 1.014251000000000014e+00
7.198748000000000502e+03 1.014796000000000031e+00
7.198850000000000364e+03 1.015244999999999953e+00
7.198947000000000116e+03 1.009306000000000036e+00
7.199039999999999964e+03 1.010860000000000092e+00
7.199137000000000626e+03 1.016516999999999893e+00
7.199230999999999767e+03 1.010841000000000101e+00
7.199333000000000538e+03 1.015808000000000044e+00
7.199432999999999993e+03 1.017212000000000005e+00
7.199531999999999243e+03 1.015009000000000050e+00
7.199635000000000218e+03 1.012261000000000077e+00
7.199729999999999563e+03 1.016569000000000056e+00
7.199830000000000837e+03 1.014569999999999972e+00
7.199930000000000291e+03 1.011309999999999931e+00
7.200028999999999542e+03 1.015778999999999987e+00
7.200136999999999716e+03 1.012061000000000099e+00
7.200242000000000189e+03 1.016183000000000058e+00
7.200345000000000255e+03 1.007832000000000061e+00
7.200447999999999411e+03 1.009277999999999897e+00
7.200547000000000480e+03 1.010931000000000024e+00
7.200652000000000044e+03 1.013716999999999979e+00
7.200756000000000313e+03 1.017136000000000040e+00
7.200856999999999971e+03 1.014780000000000015e+00
7.200957999999999629e+03 1.014858999999999956e+00
7.201051999999999680e+03 1.012497999999999898e+00
7.201150000000000546e+03 1.013622000000000023e+00
7.201246000000000095e+03 1.018709000000000087e+00
7.201344000000000051e+03 1.012580999999999953e+00
7.201445999999999913e+03 1.014100999999999919e+00
7.201542999999999665e+03 1.012671000000000099e+00
7.201644000000000233e+03 1.018521000000000010e+00
7.201742999999999483e+03 1.010262999999999911e+00
7.201837000000000444e+03 1.012030999999999903e+00
7.201935999999999694e+03 1.019082999999999961e+00
7.202030999999999949e+03 1.011406000000000027e+00
7.202135000000000218e+03 1.015589999999999993e+00
7.202239999999999782e+03 1.010202000000000044e+00
7.202336999999999534e+03 1.016118000000000077e+00
7.202439000000000306e+03 1.011303999999999981e+00
7.202536000000000058e+03 1.008494999999999919e+00
7.202636000000000422e+03 1.007729000000000097e+00
7.202738000000000284e+03 1.006286999999999932e+00
7.202835999999999331e+03 1.010515999999999970e+00
7.202934000000000196e+03 1.012445000000000039e+00
7.203027999999999338e+03 1.009609999999999896e+00
7.203121000000000095e+03 1.010696999999999957e+00
7.203217999999999847e+03 1.006718000000000002e+00
7.203311000000000604e+03 1.012126000000000081e+00
7.203408999999999651e+03 1.009390000000000009e+00
7.203509999999999309e+03 1.011638999999999955e+00
7.203608000000000175e+03 1.011378000000000110e+00
7.203708999999999833e+03 1.012923000000000018e+00
7.203801999999999680e+03 1.008415000000000061e+00
7.203897000000000844e+03 1.008042000000000105e+00
7.203994999999999891e+03 1.007111000000000089e+00
7.204093000000000757e+03 1.012783999999999907e+00
7.204198999999999614e+03 1.010760000000000103e+00
7.204300000000000182e+03 1.008677999999999964e+00
7.204399999999999636e+03 1.009128000000000025e+00
7.204503999999999905e+03 1.007373000000000074e+00
7.204602000000000771e+03 1.012750000000000039e+00
7.204704999999999927e+03 1.009555999999999898e+00
7.204805999999999585e+03 1.001721000000000084e+00
7.204904999999999745e+03 1.012602999999999920e+00
7.205007000000000517e+03 1.005929000000000073e+00
7.205100999999999658e+03 1.015400999999999998e+00
7.205198000000000320e+03 1.002788999999999930e+00
7.205294999999999163e+03 1.004764999999999908e+00
7.205391999999999825e+03 1.012675999999999910e+00
7.205498000000000502e+03 1.008890000000000065e+00
7.205595999999999549e+03 1.004021000000000052e+00
7.205697000000000116e+03 1.000831000000000026e+00
7.205796999999999571e+03 1.002936000000000050e+00
7.205894000000000233e+03 1.003976999999999897e+00
7.205994999999999891e+03 1.000490000000000101e+00
7.206094000000000051e+03 1.003552000000000000e+00
7.206197000000000116e+03 1.004899999999999904e+00
7.206304000000000087e+03 1.008741000000000110e+00
7.206404999999999745e+03 1.003727999999999954e+00
7.206509000000000015e+03 1.005314000000000041e+00
7.206610000000000582e+03 9.990887000000000517e-01
7.206710000000000036e+03 1.005023999999999917e+00
7.206815999999999804e+03 1.004914000000000085e+00
7.206914999999999964e+03 9.980103999999999642e-01
7.207016000000000531e+03 1.007123999999999908e+00
7.207112000000000080e+03 1.004370999999999903e+00
7.207204999999999927e+03 1.005134999999999890e+00
7.207305000000000291e+03 9.944188000000000471e-01
7.207400999999999840e+03 9.979189000000000531e-01
7.207499000000000706e+03 1.000898999999999983e+00
7.207599000000000160e+03 1.000358000000000080e+00
7.207695000000000618e+03 1.000688000000000022e+00
7.207796000000000276e+03 9.945243999999999751e-01
7.207891999999999825e+03 1.007516000000000078e+00
7.207983999999999469e+03 9.987850000000000339e-01
7.208083000000000538e+03 1.001400000000000068e+00
7.208181999999999789e+03 1.001327000000000078e+00
7.208287999999999556e+03 1.003376999999999963e+00
7.208387999999999920e+03 1.004129999999999967e+00
7.208485999999999876e+03 9.951168000000000236e-01
7.208586999999999534e+03 1.006464999999999943e+00
7.208682999999999993e+03 1.000456999999999930e+00
7.208784999999999854e+03 9.990362999999999882e-01
7.208886999999999716e+03 9.915728999999999793e-01
7.208984000000000378e+03 9.973102999999999829e-01
7.209085000000000036e+03 1.006837999999999900e+00
7.209180000000000291e+03 9.897496999999999545e-01
7.209273999999999432e+03 1.001535999999999982e+00
7.209369999999999891e+03 9.968614999999999560e-01
7.209462000000000444e+03 9.983919999999999462e-01
7.209564999999999600e+03 9.968841999999999981e-01
7.209663999999999760e+03 9.999614000000000003e-01
7.209761999999999716e+03 1.005824000000000051e+00
7.209862000000000080e+03 9.931181000000000036e-01
7.209953999999999724e+03 1.008051999999999948e+00
7.210054000000000087e+03 1.001370000000000093e+00
7.210154000000000451e+03 9.921630999999999645e-01
7.210255000000000109e+03 9.976800999999999586e-01
7.210360999999999876e+03 9.994406000000000123e-01
7.210460999999999331e+03 9.986045999999999534e-01
7.210564999999999600e+03 1.000667999999999891e+00
7.210666000000000167e+03 1.002685999999999966e+00
7.210762999999999920e+03 9.952577999999999703e-01
7.210869999999999891e+03 1.001198000000000032e+00
7.210971999999999753e+03 9.941187000000000218e-01
7.211073999999999614e+03 9.953311000000000242e-01
7.211175000000000182e+03 1.007473999999999981e+00
7.211267000000000735e+03 9.931322999999999679e-01
7.211368000000000393e+03 9.985574999999999868e-01
7.211464999999999236e+03 9.977819999999999467e-01
7.211565000000000509e+03 9.987715000000000343e-01
7.211670000000000073e+03 9.872678999999999760e-01
7.211768000000000029e+03 9.979143000000000319e-01
7.211868999999999687e+03 1.000609000000000082e+00
7.211967999999999847e+03 9.931223000000000134e-01
7.212063999999999396e+03 9.949048999999999809e-01
7.212166000000000167e+03 9.971305000000000307e-01
7.212265999999999622e+03 9.976772000000000418e-01
7.212373000000000502e+03 9.975022999999999529e-01
7.212479000000000269e+03 9.951910999999999952e-01
7.212577999999999520e+03 1.004984000000000099e+00
7.212680999999999585e+03 9.903897000000000395e-01
7.212778000000000247e+03 9.979025999999999730e-01
7.212881000000000313e+03 9.949362000000000483e-01
7.212987000000000080e+03 9.907135000000000247e-01
7.213085000000000036e+03 9.943927000000000183e-01
7.213184000000000196e+03 9.896114000000000299e-01
7.213278000000000247e+03 1.009297000000000111e+00
7.213371999999999389e+03 9.982573000000000141e-01
7.213470000000000255e+03 9.951043000000000527e-01
7.213565999999999804e+03 1.002631999999999968e+00
7.213666000000000167e+03 9.971687999999999663e-01
7.213764000000000124e+03 9.964125000000000343e-01
7.213860999999999876e+03 9.985273999999999539e-01
7.213960000000000036e+03 1.008882999999999974e+00
7.214052999999999884e+03 9.996920000000000250e-01
7.214149000000000342e+03 9.978574000000000055e-01
7.214248999999999796e+03 9.972096999999999767e-01
7.214347999999999956e+03 1.002658999999999967e+00
7.214456000000000131e+03 9.932081999999999855e-01
7.214555999999999585e+03 9.942391999999999896e-01
7.214654999999999745e+03 1.001555999999999891e+00
7.214756999999999607e+03 9.909653000000000489e-01
7.214855999999999767e+03 9.996418999999999722e-01
7.214960000000000036e+03 9.975481000000000487e-01
7.215059000000000196e+03 9.987336999999999465e-01
7.215156999999999243e+03 9.990828000000000486e-01
7.215258000000000720e+03 1.001187999999999967e+00
7.215350000000000364e+03 1.009403999999999968e+00
7.215445999999999913e+03 9.967859999999999498e-01
7.215542000000000371e+03 1.008631999999999973e+00
7.215637999999999920e+03 1.004634999999999945e+00
7.215743999999999687e+03 1.004523999999999972e+00
7.215842999999999847e+03 1.002116000000000007e+00
7.215940999999999804e+03 9.982469000000000481e-01
7.216038000000000466e+03 1.008383000000000029e+00
7.216131999999999607e+03 1.002931000000000017e+00
7.216234000000000378e+03 9.991012000000000226e-01
7.216333999999999833e+03 9.998067999999999955e-01
7.216436999999999898e+03 1.007818000000000103e+00
7.216542999999999665e+03 1.007157999999999998e+00
7.216643999999999323e+03 1.011114000000000068e+00
7.216750000000000000e+03 1.014877000000000029e+00
7.216851000000000568e+03 1.009522000000000030e+00
7.216951000000000022e+03 1.010429000000000022e+00
7.217057999999999993e+03 1.004612999999999978e+00
7.217158000000000357e+03 1.010210999999999970e+00
7.217260999999999513e+03 1.003363999999999923e+00
7.217359000000000378e+03 1.007538999999999962e+00
7.217451999999999316e+03 1.010416999999999899e+00
7.217551000000000386e+03 1.001562999999999981e+00
7.217647999999999229e+03 1.001174999999999926e+00
7.217750000000000000e+03 1.013001000000000040e+00
7.217853000000000065e+03 1.003074000000000021e+00
7.217949999999999818e+03 1.010736000000000079e+00
7.218051999999999680e+03 1.004909000000000052e+00
7.218148000000000138e+03 1.013584999999999958e+00
7.218244999999999891e+03 1.014674999999999994e+00
7.218346999999999753e+03 1.008345999999999965e+00
7.218444999999999709e+03 1.007978999999999958e+00
7.218552999999999884e+03 1.009181000000000106e+00
7.218655999999999949e+03 1.003670000000000062e+00
7.218753999999999905e+03 1.010861999999999927e+00
7.218856999999999971e+03 1.012556999999999929e+00
7.218953999999999724e+03 1.012753000000000014e+00
7.219057000000000698e+03 1.012321000000000026e+00
7.219159999999999854e+03 1.011673999999999962e+00
7.219255000000000109e+03 1.008332000000000006e+00
7.219353000000000065e+03 1.008876000000000106e+00
7.219445000000000618e+03 1.004301000000000110e+00
7.219538999999999760e+03 1.016204000000000107e+00
7.219637999999999920e+03 1.009816000000000047e+00
7.219731999999999971e+03 1.013813999999999993e+00
7.219832000000000335e+03 1.009303999999999979e+00
7.219929999999999382e+03 1.012772999999999923e+00
7.220027000000000044e+03 1.010335999999999901e+00
7.220125999999999294e+03 1.012920000000000043e+00
7.220219000000000051e+03 1.012259999999999938e+00
7.220318000000000211e+03 1.011146000000000100e+00
7.220418999999999869e+03 1.012780000000000014e+00
7.220519000000000233e+03 1.014393000000000100e+00
7.220625000000000000e+03 1.010421999999999931e+00
7.220722999999999956e+03 1.019898999999999889e+00
7.220823000000000320e+03 1.011139000000000010e+00
7.220925000000000182e+03 1.017865999999999937e+00
7.221023000000000138e+03 1.013404999999999889e+00
7.221127000000000407e+03 1.019390000000000018e+00
7.221226999999999862e+03 1.016157999999999895e+00
7.221322000000000116e+03 1.019009999999999971e+00
7.221422999999999774e+03 1.006494000000000000e+00
7.221517000000000735e+03 1.007314000000000043e+00
7.221612999999999374e+03 1.013883000000000090e+00
7.221710000000000036e+03 1.005967000000000056e+00
7.221806999999999789e+03 1.015778999999999987e+00
7.221911999999999352e+03 1.004714000000000107e+00
7.222011000000000422e+03 1.016550999999999982e+00
7.222108999999999469e+03 1.015792000000000028e+00
7.222209999999999127e+03 1.008726999999999929e+00
7.222306999999999789e+03 1.020799000000000012e+00
7.222411000000000058e+03 1.024000999999999939e+00
7.222512999999999920e+03 1.010094000000000047e+00
7.222615999999999985e+03 1.011522000000000032e+00
7.222722999999999956e+03 1.011808000000000041e+00
7.222825000000000728e+03 1.022151999999999950e+00
7.222931999999999789e+03 1.018283000000000049e+00
7.223032000000000153e+03 1.013933999999999891e+00
7.223131999999999607e+03 1.020191000000000070e+00
7.223238000000000284e+03 1.017033000000000076e+00
7.223336999999999534e+03 1.021603999999999957e+00
7.223438000000000102e+03 1.021047000000000038e+00
7.223534999999999854e+03 1.014488999999999974e+00
7.223628999999999905e+03 1.019411999999999985e+00
7.223731999999999971e+03 1.031230000000000091e+00
7.223830999999999221e+03 1.013617999999999908e+00
7.223929000000000087e+03 1.016340000000000021e+00
7.224030999999999949e+03 1.005859999999999976e+00
7.224127000000000407e+03 1.014100000000000001e+00
7.224229000000000269e+03 1.020232000000000028e+00
7.224326999999999316e+03 1.017562999999999995e+00
7.224422999999999774e+03 1.029463999999999935e+00
7.224525999999999840e+03 1.018226999999999993e+00
7.224625000000000000e+03 1.019401999999999919e+00
7.224730000000000473e+03 1.021682999999999897e+00
7.224832000000000335e+03 1.025994999999999990e+00
7.224929000000000087e+03 1.024674000000000085e+00
7.225031999999999243e+03 1.013246000000000091e+00
7.225130000000000109e+03 1.027563000000000004e+00
7.225230999999999767e+03 1.015975000000000072e+00
7.225332999999999629e+03 1.023466999999999905e+00
7.225427999999999884e+03 1.017117000000000049e+00
7.225524000000000342e+03 1.022453000000000056e+00
7.225617999999999483e+03 1.022723999999999966e+00
7.225713999999999942e+03 1.026712999999999987e+00
7.225812999999999192e+03 1.021652000000000005e+00
7.225908999999999651e+03 1.022658999999999985e+00
7.226009999999999309e+03 1.022456999999999949e+00
7.226109000000000378e+03 1.020753000000000021e+00
7.226206999999999425e+03 1.011870999999999965e+00
7.226306000000000495e+03 1.029667000000000110e+00
7.226398999999999432e+03 1.017994000000000065e+00
7.226500000000000000e+03 1.030493000000000103e+00
7.226601999999999862e+03 1.019161999999999901e+00
7.226702000000000226e+03 1.033784999999999954e+00
7.226806999999999789e+03 1.010750000000000037e+00
7.226905000000000655e+03 1.017344000000000026e+00
7.227005000000000109e+03 1.025838999999999945e+00
7.227109999999999673e+03 1.023889999999999967e+00
7.227208999999999833e+03 1.024874999999999980e+00
7.227313000000000102e+03 1.017093000000000025e+00
7.227413000000000466e+03 1.011657000000000028e+00
7.227507999999999811e+03 1.016135999999999928e+00
7.227608000000000175e+03 1.035258999999999929e+00
7.227703000000000429e+03 1.023425000000000029e+00
7.227801999999999680e+03 1.023374000000000006e+00
7.227902000000000044e+03 1.027446000000000081e+00
7.228002000000000407e+03 1.018976000000000104e+00
7.228108000000000175e+03 1.031662000000000079e+00
7.228206000000000131e+03 1.022602999999999929e+00
7.228303999999999178e+03 1.015106000000000064e+00
7.228404000000000451e+03 1.029352000000000045e+00
7.228503999999999905e+03 1.021265000000000089e+00
7.228610999999999876e+03 1.015972000000000097e+00
7.228712999999999738e+03 1.007519000000000053e+00
7.228815999999999804e+03 1.026923000000000030e+00
7.228921999999999571e+03 1.021125000000000060e+00
7.229021999999999935e+03 1.016990999999999978e+00
7.229126000000000204e+03 1.023276000000000074e+00
7.229228000000000065e+03 1.016102999999999978e+00
7.229331000000000131e+03 1.025889999999999969e+00
7.229436999999999898e+03 1.016990000000000061e+00
7.229534000000000560e+03 1.028270000000000017e+00
7.229630000000000109e+03 1.021144999999999969e+00
7.229713000000000648e+03 1.012340000000000018e+00
7.229751000000000204e+03 1.019036000000000053e+00
7.229764000000000124e+03 1.016407000000000060e+00
7.229773000000000138e+03 1.017050999999999927e+00
