energy intensity
7.089869999999999891e+03 -3.578527000000000183e-03
7.089870999999999185e+03 -3.578449000000000040e-03
7.089893000000000029e+03 -3.472512000000000081e-03
7.089962999999999738e+03 -1.666436999999999996e-03
7.090054000000000087e+03 -9.907832999999999842e-05
7.090150999999999840e+03 -4.595468000000000122e-03
7.090256000000000313e+03 -2.812096999999999947e-03
7.090360000000000582e+03 -4.437525000000000323e-03
7.090465000000000146e+03 -2.742675999999999881e-03
7.090563000000000102e+03 -4.456599000000000324e-03
7.090666999999999462e+03 -1.863964999999999980e-03
7.090771999999999935e+03 -6.232006999999999911e-04
7.090871000000000095e+03 -2.978273000000000031e-03
7.090974000000000160e+03 -1.395696000000000089e-03
7.091070000000000618e+03 -1.943803000000000132e-04
7.091167000000000371e+03 -1.574115000000000063e-03
7.091265999999999622e+03 8.593414000000000391e-04
7.091355999999999767e+03 -3.342078999999999970e-03
7.091452999999999520e+03 -3.099285999999999925e-04
7.091548999999999978e+03 -4.099821000000000021e-03
7.091649000000000342e+03 -4.490753000000000106e-03
7.091751000000000204e+03 -3.544499999999999908e-03
7.091846000000000458e+03 -3.179906000000000139e-03
7.091943999999999505e+03 -1.813570000000000026e-03
7.092038999999999760e+03 -2.443995999999999929e-03
7.092139000000000124e+03 -1.126828999999999982e-03
7.092241999999999280e+03 -2.976481999999999913e-03
7.092342999999999847e+03 -1.874664000000000061e-03
7.092451000000000022e+03 -1.179158999999999936e-03
7.092552000000000589e+03 -1.811560999999999944e-03
7.092650999999999840e+03 4.196493999999999940e-04
7.092752999999999702e+03 -7.848151000000000476e-04
7.092854000000000269e+03 1.775448000000000000e-03
7.092956000000000131e+03 -3.590898999999999827e-03
7.093054000000000087e+03 -2.330057999999999869e-03
7.093150999999999840e+03 -9.910808999999999591e-04
7.093244999999999891e+03 -4.133165999999999750e-03
7.093338999999999942e+03 -2.647089000000000039e-03
7.093440000000000509e+03 -2.691544000000000141e-03
7.093537999999999556e+03 -1.766074000000000073e-03
7.093638999999999214e+03 -3.270397999999999882e-03
7.093740999999999985e+03 -7.889347999999999804e-04
7.093836999999999534e+03 -6.149144999999999958e-04
7.093938999999999396e+03 -8.873629000000000282e-04
7.094036000000000058e+03 2.699298999999999988e-05
7.094139000000000124e+03 2.139706000000000008e-04
7.094243999999999687e+03 -2.751113000000000234e-04
7.094350000000000364e+03 -2.746470999999999895e-03
7.094458000000000538e+03 -3.780877000000000196e-03
7.094556999999999789e+03 -2.804402000000000110e-03
7.094663999999999760e+03 -6.051047999999999844e-03
7.094769000000000233e+03 -1.526260999999999894e-03
7.094872999999999593e+03 -1.898207000000000063e-03
7.094975999999999658e+03 7.405124999999999815e-04
7.095074000000000524e+03 -3.070041999999999823e-03
7.095171999999999571e+03 -2.203557000000000085e-03
7.095269000000000233e+03 4.308105000000000116e-04
7.095367999999999483e+03 -4.808985000000000104e-04
7.095469999999999345e+03 1.338044999999999946e-03
7.095569000000000415e+03 3.905482999999999958e-04
7.095675000000000182e+03 1.334955999999999990e-03
7.095773000000000138e+03 -1.871035999999999967e-03
7.095869999999999891e+03 -1.748044000000000030e-03
7.095971999999999753e+03 -1.074157000000000063e-03
7.096068999999999505e+03 -3.981771000000000268e-03
7.096177999999999884e+03 -2.694164000000000194e-03
7.096282999999999447e+03 -1.490812999999999904e-03
7.096384000000000015e+03 2.832954999999999848e-04
7.096485999999999876e+03 -1.511427999999999990e-03
7.096585000000000036e+03 1.964572999999999840e-03
7.096690999999999804e+03 1.696306000000000072e-03
7.096793999999999869e+03 1.220549999999999934e-03
7.096893000000000029e+03 9.864132000000000716e-04
7.096989999999999782e+03 -1.592310000000000006e-05
7.097085000000000036e+03 1.763199000000000016e-03
7.097182999999999993e+03 6.002200999999999760e-04
7.097275999999999840e+03 -2.139633000000000051e-04
7.097372000000000298e+03 -9.410554999999999485e-04
7.097472999999999956e+03 -1.449421999999999907e-03
7.097572000000000116e+03 -7.198216999999999593e-04
7.097673999999999978e+03 -2.101580000000000028e-03
7.097770999999999731e+03 9.773170999999999334e-04
7.097868000000000393e+03 -4.748584999999999937e-04
7.097967999999999847e+03 -1.230182000000000020e-03
7.098067999999999302e+03 7.569589000000000482e-04
7.098175000000000182e+03 1.087089000000000067e-03
7.098275999999999840e+03 1.644864999999999912e-03
7.098380000000000109e+03 3.524987999999999733e-04
7.098481999999999971e+03 3.216080999999999974e-03
7.098579999999999927e+03 -5.643860999999999800e-04
7.098685999999999694e+03 -1.028784000000000035e-03
7.098785000000000764e+03 -2.687844999999999904e-03
7.098889000000000124e+03 -1.542432999999999955e-03
7.098989999999999782e+03 1.117513999999999953e-04
7.099084000000000742e+03 2.208119999999999994e-04
7.099180999999999585e+03 -9.830053000000000055e-04
7.099277000000000044e+03 -7.702841000000000202e-04
7.099377999999999702e+03 1.230102999999999969e-03
7.099480999999999767e+03 1.854869000000000092e-03
7.099581999999999425e+03 1.602305999999999956e-03
7.099686000000000604e+03 2.174255999999999845e-03
7.099783000000000357e+03 1.842558999999999907e-03
7.099884000000000015e+03 3.630663000000000119e-03
7.099986000000000786e+03 1.587279999999999941e-03
7.100088000000000648e+03 -2.948162000000000048e-04
7.100198999999999614e+03 -7.715811999999999844e-04
7.100304000000000087e+03 7.708265000000000169e-04
7.100411000000000058e+03 1.137579000000000107e-03
7.100512999999999920e+03 4.031025000000000255e-04
7.100615000000000691e+03 3.897762999999999835e-03
7.100721999999999753e+03 -1.536932000000000077e-04
7.100825000000000728e+03 2.532949000000000051e-03
7.100927999999999884e+03 1.097525999999999927e-03
7.101025999999999840e+03 2.891597000000000091e-03
7.101121000000000095e+03 4.494775000000000333e-03
7.101220999999999549e+03 2.646184000000000210e-03
7.101318000000000211e+03 4.626016999999999629e-03
7.101421000000000276e+03 5.922768000000000347e-04
7.101520999999999731e+03 1.594820999999999956e-03
7.101621000000000095e+03 8.205979999999999655e-04
7.101725000000000364e+03 2.459123000000000125e-03
7.101819999999999709e+03 3.046618999999999976e-03
7.101921000000000276e+03 -1.235884999999999942e-05
7.102018000000000029e+03 2.400124999999999915e-03
7.102121999999999389e+03 4.264475999999999684e-03
7.102230999999999767e+03 2.831174000000000104e-03
7.102331000000000131e+03 1.581881999999999950e-03
7.102433999999999287e+03 3.324661999999999930e-03
7.102532000000000153e+03 4.030622000000000198e-03
7.102634000000000015e+03 2.609850999999999838e-03
7.102737000000000080e+03 6.161800000000000263e-03
7.102835000000000036e+03 5.574029999999999783e-03
7.102935000000000400e+03 1.088265000000000066e-02
7.103030000000000655e+03 1.439350000000000004e-02
7.103126999999999498e+03 1.076825999999999998e-02
7.103224000000000160e+03 5.118636999999999666e-03
7.103318999999999505e+03 3.828260999999999904e-03
7.103422000000000480e+03 5.175792999999999713e-03
7.103521999999999935e+03 4.457840000000000240e-03
7.103621999999999389e+03 4.345390000000000190e-03
7.103719000000000051e+03 5.118217999999999900e-03
7.103814999999999600e+03 5.751192999999999930e-03
7.103918000000000575e+03 6.545009000000000070e-03
7.104016999999999825e+03 4.496876000000000345e-03
7.104119999999999891e+03 5.963396999999999622e-03
7.104224000000000160e+03 3.925093000000000158e-03
7.104324000000000524e+03 5.543699000000000023e-03
7.104431999999999789e+03 4.048893999999999931e-03
7.104533000000000357e+03 5.486620000000000212e-03
7.104635000000000218e+03 5.589232000000000401e-03
7.104737000000000080e+03 4.805638999999999571e-03
7.104834999999999127e+03 6.008318999999999813e-03
7.104935000000000400e+03 6.335376999999999675e-03
7.105030999999999949e+03 5.622916000000000372e-03
7.105127000000000407e+03 6.083901000000000066e-03
7.105226999999999862e+03 6.763489000000000133e-03
7.105328000000000429e+03 9.371117999999999462e-03
7.105432999999999993e+03 5.913530999999999649e-03
7.105530999999999949e+03 7.472900000000000202e-03
7.105631999999999607e+03 5.394079999999999882e-03
7.105733000000000175e+03 4.773376999999999655e-03
7.105831000000000131e+03 4.465199999999999898e-03
7.105936999999999898e+03 5.027529999999999673e-03
7.106039999999999964e+03 7.406862000000000168e-03
7.106144999999999527e+03 5.650862000000000419e-03
7.106250000000000000e+03 8.737039999999999737e-03
7.106353000000000065e+03 4.735793999999999768e-03
7.106456999999999425e+03 7.797117000000000110e-03
7.106559000000000196e+03 9.753436000000000744e-03
7.106664999999999964e+03 9.218762999999999611e-03
7.106766000000000531e+03 9.301484000000000488e-03
7.106862999999999374e+03 8.347738999999999854e-03
7.106961000000000240e+03 1.183070999999999949e-02
7.107052999999999884e+03 6.958803999999999858e-03
7.107154000000000451e+03 8.072450999999999585e-03
7.107255000000000109e+03 7.639629999999999685e-03
7.107351999999999862e+03 8.099620999999999557e-03
7.107453999999999724e+03 9.044900999999999289e-03
7.107548000000000684e+03 7.243142999999999630e-03
7.107646999999999935e+03 9.885998000000000008e-03
7.107746000000000095e+03 8.692955999999999947e-03
7.107841999999999643e+03 9.124058000000000862e-03
7.107943999999999505e+03 8.884232000000000587e-03
7.108046000000000276e+03 9.910286000000000789e-03
7.108151000000000749e+03 1.032151000000000075e-02
7.108252000000000407e+03 1.049994999999999921e-02
7.108349999999999454e+03 1.222994999999999985e-02
7.108451999999999316e+03 7.670511999999999990e-03
7.108552999999999884e+03 1.049589000000000077e-02
7.108657000000000153e+03 9.509284999999999266e-03
7.108756999999999607e+03 1.057371000000000005e-02
7.108850000000000364e+03 1.231520000000000011e-02
7.108947999999999411e+03 1.069884999999999933e-02
7.109041999999999462e+03 1.434641000000000041e-02
7.109137999999999920e+03 9.525475999999999735e-03
7.109234999999999673e+03 1.258673000000000083e-02
7.109336000000000240e+03 1.253572000000000020e-02
7.109438000000000102e+03 1.292185000000000035e-02
7.109532999999999447e+03 1.457415999999999920e-02
7.109632999999999811e+03 1.286038999999999932e-02
7.109727000000000771e+03 1.659866999999999940e-02
7.109826000000000022e+03 1.380521999999999999e-02
7.109931999999999789e+03 1.405373000000000039e-02
7.110033999999999651e+03 1.488499000000000072e-02
7.110140000000000327e+03 1.742408999999999972e-02
7.110242000000000189e+03 1.721235000000000126e-02
7.110341000000000349e+03 1.652852000000000141e-02
7.110445000000000618e+03 2.333988999999999855e-02
7.110547000000000480e+03 1.780158999999999908e-02
7.110652000000000044e+03 1.948155000000000026e-02
7.110752999999999702e+03 2.184380000000000002e-02
7.110851000000000568e+03 2.444266000000000147e-02
7.110951000000000022e+03 2.529543000000000069e-02
7.111042999999999665e+03 2.459516999999999953e-02
7.111144000000000233e+03 2.835353999999999999e-02
7.111246000000000095e+03 2.771530999999999995e-02
7.111347999999999956e+03 3.085109999999999936e-02
7.111452000000000226e+03 3.274442000000000325e-02
7.111548999999999978e+03 3.663029999999999758e-02
7.111649999999999636e+03 3.950395000000000295e-02
7.111748999999999796e+03 4.295067000000000329e-02
7.111850999999999658e+03 4.962778999999999802e-02
7.111956000000000131e+03 5.126700000000000007e-02
7.112059000000000196e+03 5.613835999999999826e-02
7.112166000000000167e+03 6.146055999999999742e-02
7.112268000000000029e+03 6.632461000000000606e-02
7.112369000000000597e+03 7.418650000000000244e-02
7.112472000000000662e+03 7.267365000000000630e-02
7.112572000000000116e+03 7.535624000000000489e-02
7.112676999999999680e+03 7.326000000000000567e-02
7.112777000000000044e+03 7.414062999999999903e-02
7.112869999999999891e+03 7.287301000000000195e-02
7.112965000000000146e+03 7.309251999999999416e-02
7.113057000000000698e+03 7.121766999999999681e-02
7.113158999999999651e+03 6.848806999999999812e-02
7.113257999999999811e+03 6.727582999999999480e-02
7.113356999999999971e+03 6.613312000000000357e-02
7.113454999999999927e+03 6.493759999999999810e-02
7.113550000000000182e+03 6.581117000000000217e-02
7.113649999999999636e+03 6.505845999999999851e-02
7.113747000000000298e+03 6.686657999999999491e-02
7.113845000000000255e+03 6.537550000000000305e-02
7.113948999999999614e+03 6.949809999999999321e-02
7.114051999999999680e+03 6.712769000000000374e-02
7.114157999999999447e+03 6.738014999999999977e-02
7.114257000000000517e+03 6.601991999999999583e-02
7.114355999999999767e+03 6.821634000000000031e-02
7.114460000000000036e+03 6.878739000000000381e-02
7.114560000000000400e+03 6.252312999999999621e-02
7.114661000000000058e+03 6.788695999999999620e-02
7.114756999999999607e+03 6.371390000000000386e-02
7.114853000000000065e+03 6.394410000000000371e-02
7.114949000000000524e+03 6.148417999999999939e-02
7.115041999999999462e+03 6.196125999999999717e-02
7.115143000000000029e+03 6.139763000000000165e-02
7.115239999999999782e+03 5.915754000000000151e-02
7.115341999999999643e+03 5.891267000000000031e-02
7.115443000000000211e+03 5.733412999999999704e-02
7.115538999999999760e+03 5.930736000000000341e-02
7.115639000000000124e+03 6.040022999999999920e-02
7.115735999999999876e+03 6.066252999999999923e-02
7.115837999999999738e+03 6.192312999999999984e-02
7.115943999999999505e+03 6.381351000000000384e-02
7.116046000000000276e+03 6.794877000000000555e-02
7.116152999999999338e+03 6.845107999999999748e-02
7.116256000000000313e+03 7.071911999999999643e-02
7.116359000000000378e+03 7.481345000000000356e-02
7.116463000000000648e+03 7.603975999999999791e-02
7.116563000000000102e+03 8.232836999999999794e-02
7.116666999999999462e+03 8.432021000000000654e-02
7.116766000000000531e+03 9.030491999999999686e-02
7.116864999999999782e+03 9.162391000000000285e-02
7.116962000000000444e+03 9.834444000000000519e-02
7.117057999999999993e+03 1.046045000000000030e-01
7.117162000000000262e+03 1.119123999999999952e-01
7.117262000000000626e+03 1.210685999999999984e-01
7.117365000000000691e+03 1.261732000000000131e-01
7.117463999999999942e+03 1.348075999999999997e-01
7.117560000000000400e+03 1.442114999999999925e-01
7.117662000000000262e+03 1.544244999999999923e-01
7.117762999999999920e+03 1.639222999999999930e-01
7.117867999999999483e+03 1.759251000000000009e-01
7.117970999999999549e+03 1.845952999999999899e-01
7.118072000000000116e+03 1.959763999999999950e-01
7.118177999999999884e+03 2.091357000000000077e-01
7.118279000000000451e+03 2.180851000000000040e-01
7.118380000000000109e+03 2.336140999999999912e-01
7.118478999999999360e+03 2.410570999999999964e-01
7.118577000000000226e+03 2.580979999999999941e-01
7.118680999999999585e+03 2.752671999999999897e-01
7.118775000000000546e+03 2.860778999999999961e-01
7.118868999999999687e+03 3.064546000000000214e-01
7.118961999999999534e+03 3.205912000000000206e-01
7.119056999999999789e+03 3.388160000000000061e-01
7.119158999999999651e+03 3.574009000000000214e-01
7.119257000000000517e+03 3.757173999999999792e-01
7.119354000000000269e+03 3.917712999999999890e-01
7.119452000000000226e+03 4.029562999999999895e-01
7.119547999999999774e+03 4.198964000000000030e-01
7.119648000000000138e+03 4.378535000000000066e-01
7.119743999999999687e+03 4.526041000000000092e-01
7.119845999999999549e+03 4.652562000000000086e-01
7.119951000000000022e+03 4.816905000000000214e-01
7.120052000000000589e+03 4.997731999999999730e-01
7.120155999999999949e+03 5.129270000000000218e-01
7.120253999999999905e+03 5.266167000000000487e-01
7.120354999999999563e+03 5.401224999999999499e-01
7.120456000000000131e+03 5.561975999999999587e-01
7.120554000000000087e+03 5.685405999999999516e-01
7.120655999999999949e+03 5.888267999999999835e-01
7.120750000000000000e+03 5.921904000000000057e-01
7.120847000000000662e+03 6.078316999999999748e-01
7.120943999999999505e+03 6.271278999999999604e-01
7.121038000000000466e+03 6.363997999999999600e-01
7.121139000000000124e+03 6.449420999999999626e-01
7.121237000000000080e+03 6.572213999999999556e-01
7.121337999999999738e+03 6.728433000000000330e-01
7.121438000000000102e+03 6.842257000000000478e-01
7.121533000000000357e+03 6.923405000000000253e-01
7.121635000000000218e+03 7.069282000000000066e-01
7.121735999999999876e+03 7.102827999999999919e-01
7.121840999999999440e+03 7.270952999999999999e-01
7.121946999999999207e+03 7.372125000000000483e-01
7.122047000000000480e+03 7.471883000000000274e-01
7.122153000000000247e+03 7.579521000000000175e-01
7.122256000000000313e+03 7.664773000000000280e-01
7.122360999999999876e+03 7.797996000000000372e-01
7.122463999999999942e+03 7.863521999999999457e-01
7.122563000000000102e+03 7.997646000000000477e-01
7.122666000000000167e+03 8.058661000000000296e-01
7.122761999999999716e+03 8.142700000000000493e-01
7.122860000000000582e+03 8.300646999999999887e-01
7.122957000000000335e+03 8.371895999999999782e-01
7.123052999999999884e+03 8.485511999999999500e-01
7.123158000000000357e+03 8.574990000000000112e-01
7.123259000000000015e+03 8.737937999999999539e-01
7.123356999999999971e+03 8.759479999999999489e-01
7.123453999999999724e+03 8.912335999999999592e-01
7.123550000000000182e+03 9.046421999999999519e-01
7.123655000000000655e+03 9.132757000000000236e-01
7.123755000000000109e+03 9.295493999999999701e-01
7.123856999999999971e+03 9.378938999999999471e-01
7.123960000000000036e+03 9.453751000000000237e-01
7.124057999999999993e+03 9.553004999999999969e-01
7.124163000000000466e+03 9.666422999999999544e-01
7.124265000000000327e+03 9.827091000000000021e-01
7.124364999999999782e+03 9.872328000000000214e-01
7.124465000000000146e+03 9.955663000000000151e-01
7.124561999999999898e+03 1.010470999999999897e+00
7.124661000000000058e+03 1.018340999999999941e+00
7.124753999999999905e+03 1.032987000000000100e+00
7.124846999999999753e+03 1.037063999999999986e+00
7.124943000000000211e+03 1.045760999999999941e+00
7.125039999999999964e+03 1.058464999999999989e+00
7.125142999999999120e+03 1.067895000000000039e+00
7.125242000000000189e+03 1.073889000000000093e+00
7.125338999999999942e+03 1.082227999999999968e+00
7.125435999999999694e+03 1.088813999999999949e+00
7.125532000000000153e+03 1.098230000000000040e+00
7.125632999999999811e+03 1.104945000000000066e+00
7.125730999999999767e+03 1.112618000000000107e+00
7.125833999999999833e+03 1.121124999999999927e+00
7.125938000000000102e+03 1.124338000000000060e+00
7.126038000000000466e+03 1.129733000000000098e+00
7.126140999999999622e+03 1.134454999999999991e+00
7.126238999999999578e+03 1.140060000000000073e+00
7.126343999999999141e+03 1.149877999999999956e+00
7.126448000000000320e+03 1.148098000000000063e+00
7.126543999999999869e+03 1.152862000000000053e+00
7.126643999999999323e+03 1.157134000000000107e+00
7.126737999999999374e+03 1.162198999999999982e+00
7.126833000000000538e+03 1.160439999999999916e+00
7.126932999999999993e+03 1.167499000000000065e+00
7.127030000000000655e+03 1.169208999999999943e+00
7.127134000000000015e+03 1.168846000000000052e+00
7.127233000000000175e+03 1.172007999999999939e+00
7.127333999999999833e+03 1.176355000000000040e+00
7.127432999999999993e+03 1.177586999999999939e+00
7.127528000000000247e+03 1.180541000000000063e+00
7.127632000000000517e+03 1.184730000000000061e+00
7.127735999999999876e+03 1.183003999999999944e+00
7.127843000000000757e+03 1.184873000000000065e+00
7.127949999999999818e+03 1.185624999999999929e+00
7.128050000000000182e+03 1.181164000000000103e+00
7.128154999999999745e+03 1.182414000000000076e+00
7.128256000000000313e+03 1.186021999999999910e+00
7.128362000000000080e+03 1.187341999999999897e+00
7.128466000000000349e+03 1.191259999999999986e+00
7.128563000000000102e+03 1.191783000000000037e+00
7.128664999999999964e+03 1.186474000000000029e+00
7.128759000000000015e+03 1.192304999999999948e+00
7.128855999999999767e+03 1.184296999999999933e+00
7.128954000000000633e+03 1.187016999999999989e+00
7.129050000000000182e+03 1.189880000000000049e+00
7.129157000000000153e+03 1.194174999999999986e+00
7.129256999999999607e+03 1.195076999999999945e+00
7.129353000000000065e+03 1.189111999999999947e+00
7.129449000000000524e+03 1.186982999999999899e+00
7.129542999999999665e+03 1.187785000000000091e+00
7.129646999999999935e+03 1.187557999999999891e+00
7.129749000000000706e+03 1.188868000000000036e+00
7.129851000000000568e+03 1.189427999999999930e+00
7.129952000000000226e+03 1.192158000000000051e+00
7.130052999999999884e+03 1.186917999999999918e+00
7.130156999999999243e+03 1.182498999999999967e+00
7.130255000000000109e+03 1.180841999999999947e+00
7.130353999999999360e+03 1.182506000000000057e+00
7.130456000000000131e+03 1.182501999999999942e+00
7.130554000000000087e+03 1.183203000000000005e+00
7.130653999999999542e+03 1.177281999999999940e+00
7.130747000000000298e+03 1.176380999999999899e+00
7.130838999999999942e+03 1.176050999999999958e+00
7.130938999999999396e+03 1.172768000000000033e+00
7.131037000000000262e+03 1.172530000000000072e+00
7.131140000000000327e+03 1.176938000000000040e+00
7.131236000000000786e+03 1.174592999999999998e+00
7.131333999999999833e+03 1.168358000000000008e+00
7.131431000000000495e+03 1.174735000000000085e+00
7.131524999999999636e+03 1.166489000000000109e+00
7.131627999999999702e+03 1.163542999999999994e+00
7.131726999999999862e+03 1.166598999999999942e+00
7.131832000000000335e+03 1.166198999999999986e+00
7.131940000000000509e+03 1.164536000000000016e+00
7.132039999999999964e+03 1.163713999999999915e+00
7.132140999999999622e+03 1.160117999999999983e+00
7.132240000000000691e+03 1.154511999999999983e+00
7.132342000000000553e+03 1.156590000000000007e+00
7.132445999999999913e+03 1.156468999999999969e+00
7.132543999999999869e+03 1.156352999999999964e+00
7.132645000000000437e+03 1.153512000000000093e+00
7.132738999999999578e+03 1.148476000000000052e+00
7.132836000000000240e+03 1.148435000000000095e+00
7.132935999999999694e+03 1.143920000000000048e+00
7.133033000000000357e+03 1.143485000000000085e+00
7.133137999999999920e+03 1.143774000000000068e+00
7.133239999999999782e+03 1.138500000000000068e+00
7.133338999999999942e+03 1.140093000000000023e+00
7.133439000000000306e+03 1.136405000000000109e+00
7.133534999999999854e+03 1.141953999999999914e+00
7.133637000000000626e+03 1.135353999999999974e+00
7.133740000000000691e+03 1.133007000000000097e+00
7.133846000000000458e+03 1.132141999999999982e+00
7.133951000000000022e+03 1.134540000000000104e+00
7.134051999999999680e+03 1.130784999999999929e+00
7.134157000000000153e+03 1.127078999999999942e+00
7.134259000000000015e+03 1.129906999999999995e+00
7.134358999999999469e+03 1.130384999999999973e+00
7.134462000000000444e+03 1.123950000000000005e+00
7.134557999999999993e+03 1.123815000000000008e+00
7.134658999999999651e+03 1.125307999999999975e+00
7.134755000000000109e+03 1.126366999999999896e+00
7.134847999999999956e+03 1.119942999999999911e+00
7.134945999999999913e+03 1.116668999999999912e+00
7.135041000000000167e+03 1.119542999999999955e+00
7.135144000000000233e+03 1.115275999999999934e+00
7.135243000000000393e+03 1.119491999999999932e+00
7.135338999999999942e+03 1.117744000000000071e+00
7.135436000000000604e+03 1.112193999999999905e+00
7.135530999999999949e+03 1.110050999999999899e+00
7.135632000000000517e+03 1.117264000000000035e+00
7.135734000000000378e+03 1.109447000000000072e+00
7.135832999999999629e+03 1.106934000000000085e+00
7.135938000000000102e+03 1.107625000000000082e+00
7.136037000000000262e+03 1.102545000000000108e+00
7.136139000000000124e+03 1.106530999999999931e+00
7.136240999999999985e+03 1.103982000000000019e+00
7.136339999999999236e+03 1.104567999999999994e+00
7.136444000000000415e+03 1.104262999999999995e+00
7.136539999999999964e+03 1.105029999999999957e+00
7.136637000000000626e+03 1.100473999999999952e+00
7.136729999999999563e+03 1.100252000000000008e+00
7.136823999999999614e+03 1.097153000000000045e+00
7.136923999999999978e+03 1.092335000000000056e+00
7.137019999999999527e+03 1.097021999999999942e+00
7.137120999999999185e+03 1.095728999999999953e+00
7.137219000000000051e+03 1.092522999999999911e+00
7.137315999999999804e+03 1.091714999999999991e+00
7.137416000000000167e+03 1.090975999999999946e+00
7.137512999999999920e+03 1.094111000000000056e+00
7.137614000000000487e+03 1.091989000000000098e+00
7.137716000000000349e+03 1.087382000000000071e+00
7.137818000000000211e+03 1.086244999999999905e+00
7.137925000000000182e+03 1.084049999999999958e+00
7.138024999999999636e+03 1.081069000000000058e+00
7.138128999999999905e+03 1.083218000000000014e+00
7.138232999999999265e+03 1.080934999999999979e+00
7.138335000000000036e+03 1.080305999999999989e+00
7.138441000000000713e+03 1.078926999999999969e+00
7.138537999999999556e+03 1.080554999999999932e+00
7.138636999999999716e+03 1.074821000000000026e+00
7.138734000000000378e+03 1.074662999999999924e+00
7.138829999999999927e+03 1.075661999999999896e+00
7.138932999999999993e+03 1.072224999999999984e+00
7.139032000000000153e+03 1.074033999999999933e+00
7.139134000000000015e+03 1.075863000000000014e+00
7.139236000000000786e+03 1.071010999999999935e+00
7.139332999999999629e+03 1.070168000000000008e+00
7.139433999999999287e+03 1.064500999999999920e+00
7.139532000000000153e+03 1.059396999999999922e+00
7.139636000000000422e+03 1.063458999999999932e+00
7.139742000000000189e+03 1.063666999999999918e+00
7.139844000000000051e+03 1.062386999999999970e+00
7.139948999999999614e+03 1.057360000000000078e+00
7.140047000000000480e+03 1.056346999999999925e+00
7.140150000000000546e+03 1.060059000000000085e+00
7.140256000000000313e+03 1.059177999999999953e+00
7.140355999999999767e+03 1.056343000000000032e+00
7.140457999999999629e+03 1.056983000000000006e+00
7.140551999999999680e+03 1.051374000000000031e+00
7.140647999999999229e+03 1.055482000000000031e+00
7.140744999999999891e+03 1.046551999999999927e+00
7.140838999999999942e+03 1.046308999999999934e+00
7.140938000000000102e+03 1.047766999999999893e+00
7.141034999999999854e+03 1.044971000000000094e+00
7.141134000000000015e+03 1.043307999999999902e+00
7.141234999999999673e+03 1.042510999999999965e+00
7.141327000000000226e+03 1.043508000000000102e+00
7.141423999999999978e+03 1.040361000000000091e+00
7.141523000000000138e+03 1.040477000000000096e+00
7.141623999999999796e+03 1.038337999999999983e+00
7.141728000000000065e+03 1.037919999999999954e+00
7.141828000000000429e+03 1.037441999999999975e+00
7.141932999999999993e+03 1.031303999999999998e+00
7.142032999999999447e+03 1.032664999999999944e+00
7.142133000000000720e+03 1.034416000000000002e+00
7.142235000000000582e+03 1.032845999999999931e+00
7.142335000000000036e+03 1.028597999999999901e+00
7.142439000000000306e+03 1.029228000000000032e+00
7.142536000000000058e+03 1.022262999999999922e+00
7.142629999999999200e+03 1.022408999999999901e+00
7.142725999999999658e+03 1.023592999999999975e+00
7.142818000000000211e+03 1.023395999999999972e+00
7.142920000000000073e+03 1.022594000000000003e+00
7.143021999999999935e+03 1.017374999999999918e+00
7.143119999999999891e+03 1.015223999999999904e+00
7.143221999999999753e+03 1.012094000000000049e+00
7.143316000000000713e+03 1.013559000000000099e+00
7.143416000000000167e+03 1.009408000000000083e+00
7.143514000000000124e+03 1.011433999999999944e+00
7.143614999999999782e+03 1.004594999999999905e+00
7.143722000000000662e+03 1.006569000000000047e+00
7.143827000000000226e+03 1.005409999999999915e+00
7.143934999999999491e+03 1.005683000000000105e+00
7.144037000000000262e+03 9.987452999999999470e-01
7.144136999999999716e+03 9.979601999999999640e-01
7.144243999999999687e+03 9.980312999999999546e-01
7.144346999999999753e+03 9.967913999999999941e-01
7.144452000000000226e+03 9.936091999999999702e-01
7.144550999999999476e+03 9.943615000000000093e-01
7.144645999999999731e+03 9.870299999999999629e-01
7.144745999999999185e+03 9.899930999999999592e-01
7.144841000000000349e+03 9.895386999999999933e-01
7.144942000000000007e+03 9.856137000000000370e-01
7.145043000000000575e+03 9.845114999999999839e-01
7.145144000000000233e+03 9.889580999999999511e-01
7.145247999999999593e+03 9.853423999999999516e-01
7.145344000000000051e+03 9.802883999999999487e-01
7.145443000000000211e+03 9.811010999999999482e-01
7.145540999999999258e+03 9.739613000000000298e-01
7.145641999999999825e+03 9.754992000000000107e-01
7.145750000000000000e+03 9.737770000000000037e-01
7.145853000000000065e+03 9.710309000000000301e-01
7.145956000000000131e+03 9.708919999999999773e-01
7.146052999999999884e+03 9.669832999999999901e-01
7.146153000000000247e+03 9.627105999999999719e-01
7.146257000000000517e+03 9.632482999999999462e-01
7.146356999999999971e+03 9.579301999999999540e-01
7.146456999999999425e+03 9.578484999999999916e-01
7.146552999999999884e+03 9.598269000000000384e-01
7.146645000000000437e+03 9.559916999999999998e-01
7.146742999999999483e+03 9.527719999999999523e-01
7.146835000000000036e+03 9.549625000000000474e-01
7.146931999999999789e+03 9.520309000000000133e-01
7.147030999999999949e+03 9.502726999999999702e-01
7.147128999999999905e+03 9.490787000000000528e-01
7.147230000000000473e+03 9.515048999999999868e-01
7.147325000000000728e+03 9.473340000000000094e-01
7.147420999999999367e+03 9.468164999999999498e-01
7.147519000000000233e+03 9.442055000000000309e-01
7.147618999999999687e+03 9.425712000000000534e-01
7.147725000000000364e+03 9.376141000000000059e-01
7.147824999999999818e+03 9.364384999999999515e-01
7.147925000000000182e+03 9.356989000000000001e-01
7.148028000000000247e+03 9.333588999999999913e-01
7.148126000000000204e+03 9.291696000000000399e-01
7.148229999999999563e+03 9.304462000000000010e-01
7.148329999999999927e+03 9.305925000000000447e-01
7.148430000000000291e+03 9.289264000000000410e-01
7.148530999999999949e+03 9.279948000000000086e-01
7.148623999999999796e+03 9.262105999999999950e-01
7.148722000000000662e+03 9.228798999999999753e-01
7.148815999999999804e+03 9.239994999999999736e-01
7.148913000000000466e+03 9.241546999999999956e-01
7.149015000000000327e+03 9.193632000000000470e-01
7.149113999999999578e+03 9.183080999999999605e-01
7.149216000000000349e+03 9.170106999999999564e-01
7.149314000000000306e+03 9.150682999999999456e-01
7.149412000000000262e+03 9.143575999999999926e-01
7.149515000000000327e+03 9.132053999999999450e-01
7.149613000000000284e+03 9.119374999999999565e-01
7.149720000000000255e+03 9.119239999999999569e-01
7.149827000000000226e+03 9.124227000000000309e-01
7.149930000000000291e+03 9.099680999999999464e-01
7.150034999999999854e+03 9.085050000000000070e-01
7.150134999999999309e+03 9.083139000000000074e-01
7.150240999999999985e+03 9.087060000000000137e-01
7.150343999999999141e+03 9.014467000000000452e-01
7.150445000000000618e+03 9.027695000000000025e-01
7.150546000000000276e+03 8.974887000000000281e-01
7.150640000000000327e+03 9.019954999999999501e-01
7.150738999999999578e+03 9.019388000000000405e-01
7.150836000000000240e+03 8.973750000000000338e-01
7.150932999999999993e+03 8.939103000000000465e-01
7.151034999999999854e+03 8.954758999999999913e-01
7.151134000000000015e+03 8.976047000000000331e-01
7.151235999999999876e+03 8.973851000000000466e-01
7.151335000000000036e+03 8.970643999999999840e-01
7.151429000000000087e+03 8.918970999999999982e-01
7.151529999999999745e+03 8.935488999999999793e-01
7.151628999999999905e+03 8.909458000000000100e-01
7.151733000000000175e+03 8.913505999999999929e-01
7.151838999999999942e+03 8.897521999999999931e-01
7.151936999999999898e+03 8.930778999999999801e-01
7.152039000000000669e+03 8.879504000000000286e-01
7.152136999999999716e+03 8.858920000000000128e-01
7.152238999999999578e+03 8.874412999999999885e-01
7.152340999999999440e+03 8.885256000000000265e-01
7.152438000000000102e+03 8.859274999999999789e-01
7.152536999999999352e+03 8.888930999999999916e-01
7.152630000000000109e+03 8.897061000000000552e-01
7.152725000000000364e+03 8.874994000000000494e-01
7.152822999999999411e+03 8.871940000000000381e-01
7.152917999999999665e+03 8.846192000000000499e-01
7.153019999999999527e+03 8.801733999999999947e-01
7.153120000000000800e+03 8.829523999999999706e-01
7.153217999999999847e+03 8.829344999999999555e-01
7.153315000000000509e+03 8.823229999999999684e-01
7.153407999999999447e+03 8.811080999999999497e-01
7.153510000000000218e+03 8.804535999999999474e-01
7.153608000000000175e+03 8.825064999999999715e-01
7.153708999999999833e+03 8.820097000000000076e-01
7.153815999999999804e+03 8.796418999999999766e-01
7.153914000000000669e+03 8.809744000000000463e-01
7.154019000000000233e+03 8.791706999999999717e-01
7.154119999999999891e+03 8.809544000000000263e-01
7.154219999999999345e+03 8.808664999999999967e-01
7.154324999999999818e+03 8.785555000000000447e-01
7.154423999999999978e+03 8.769190000000000040e-01
7.154524000000000342e+03 8.825397000000000380e-01
7.154621000000000095e+03 8.832236999999999449e-01
7.154715000000000146e+03 8.783748999999999585e-01
7.154815000000000509e+03 8.808380999999999572e-01
7.154912999999999556e+03 8.756950000000000012e-01
7.155016999999999825e+03 8.806903999999999844e-01
7.155118999999999687e+03 8.789088000000000456e-01
7.155216000000000349e+03 8.794096999999999609e-01
7.155318000000000211e+03 8.787424999999999820e-01
7.155416000000000167e+03 8.802541999999999867e-01
7.155519000000000233e+03 8.782529999999999504e-01
7.155621000000000095e+03 8.797473999999999572e-01
7.155724000000000160e+03 8.802929999999999922e-01
7.155833000000000538e+03 8.778559000000000223e-01
7.155935000000000400e+03 8.782879999999999576e-01
7.156038999999999760e+03 8.809188999999999492e-01
7.156140999999999622e+03 8.791607000000000172e-01
7.156240999999999985e+03 8.823260000000000547e-01
7.156347999999999956e+03 8.793166999999999511e-01
7.156449000000000524e+03 8.816129999999999800e-01
7.156548999999999978e+03 8.805484000000000089e-01
7.156644000000000233e+03 8.842195000000000471e-01
7.156737000000000080e+03 8.793860000000000010e-01
7.156838999999999942e+03 8.787673000000000290e-01
7.156936999999999898e+03 8.848154999999999770e-01
7.157036000000000058e+03 8.832710999999999757e-01
7.157136000000000422e+03 8.871360999999999830e-01
7.157233000000000175e+03 8.811892999999999532e-01
7.157335000000000036e+03 8.853866000000000236e-01
7.157430999999999585e+03 8.822605999999999504e-01
7.157527000000000044e+03 8.828749000000000180e-01
7.157626999999999498e+03 8.867433999999999594e-01
7.157728999999999360e+03 8.825884999999999980e-01
7.157835999999999331e+03 8.855032000000000458e-01
7.157936000000000604e+03 8.822564999999999991e-01
7.158032999999999447e+03 8.826026999999999623e-01
7.158134999999999309e+03 8.825279999999999792e-01
7.158235000000000582e+03 8.862313000000000551e-01
7.158340000000000146e+03 8.870137000000000160e-01
7.158439999999999600e+03 8.848519999999999719e-01
7.158536000000000058e+03 8.917492000000000196e-01
7.158634000000000015e+03 8.866007999999999667e-01
7.158726999999999862e+03 8.867578000000000404e-01
7.158824999999999818e+03 8.886507999999999630e-01
7.158920000000000073e+03 8.894465000000000288e-01
7.159019000000000233e+03 8.904296999999999906e-01
7.159121000000000095e+03 8.875737999999999683e-01
7.159217999999999847e+03 8.889249999999999652e-01
7.159318000000000211e+03 8.879211000000000187e-01
7.159412999999999556e+03 8.896918999999999800e-01
7.159511000000000422e+03 8.903628000000000098e-01
7.159615999999999985e+03 8.902845999999999815e-01
7.159717999999999847e+03 8.936344000000000509e-01
7.159820999999999913e+03 8.937207999999999819e-01
7.159923999999999978e+03 8.954246999999999623e-01
7.160024999999999636e+03 8.975862999999999481e-01
7.160129000000000815e+03 8.946115000000000039e-01
7.160229000000000269e+03 8.977581000000000033e-01
7.160333999999999833e+03 8.926511999999999780e-01
7.160436999999999898e+03 8.960888999999999660e-01
7.160535000000000764e+03 8.949274999999999869e-01
7.160635000000000218e+03 9.054569000000000090e-01
7.160729000000000269e+03 8.975130000000000052e-01
7.160828000000000429e+03 9.011111000000000537e-01
7.160927999999999884e+03 8.978532000000000179e-01
7.161029000000000451e+03 9.033132000000000383e-01
7.161135000000000218e+03 9.005705999999999989e-01
7.161234000000000378e+03 8.978635000000000366e-01
7.161331999999999425e+03 8.994609999999999550e-01
7.161431999999999789e+03 9.043487999999999527e-01
7.161529999999999745e+03 9.029426999999999870e-01
7.161635999999999513e+03 9.004115000000000313e-01
7.161737999999999374e+03 9.031489999999999796e-01
7.161841999999999643e+03 9.058298999999999657e-01
7.161946999999999207e+03 9.088789999999999925e-01
7.162048000000000684e+03 9.053854999999999542e-01
7.162152000000000044e+03 9.030070999999999515e-01
7.162251000000000204e+03 9.070875999999999939e-01
7.162354999999999563e+03 9.083061999999999525e-01
7.162458999999999833e+03 9.100597999999999743e-01
7.162555000000000291e+03 9.097106999999999832e-01
7.162651999999999134e+03 9.090684999999999460e-01
7.162743999999999687e+03 9.170321000000000167e-01
7.162840000000000146e+03 9.100954999999999462e-01
7.162940999999999804e+03 9.095649000000000095e-01
7.163039000000000669e+03 9.120395000000000030e-01
7.163139000000000124e+03 9.103793000000000024e-01
7.163237000000000080e+03 9.149637999999999938e-01
7.163331999999999425e+03 9.189475999999999756e-01
7.163431000000000495e+03 9.214651999999999843e-01
7.163524999999999636e+03 9.176511000000000529e-01
7.163626000000000204e+03 9.146661000000000374e-01
7.163726999999999862e+03 9.156526000000000387e-01
7.163828999999999724e+03 9.160340000000000149e-01
7.163935000000000400e+03 9.192458000000000018e-01
7.164032999999999447e+03 9.199469999999999592e-01
7.164135000000000218e+03 9.225077000000000416e-01
7.164238000000000284e+03 9.213719000000000214e-01
7.164337999999999738e+03 9.209665999999999686e-01
7.164440999999999804e+03 9.189739999999999576e-01
7.164537000000000262e+03 9.208471000000000295e-01
7.164634000000000015e+03 9.241359000000000101e-01
7.164729000000000269e+03 9.218593000000000481e-01
7.164820999999999913e+03 9.251215000000000410e-01
7.164921999999999571e+03 9.247090000000000032e-01
7.165018000000000029e+03 9.261104000000000003e-01
7.165118999999999687e+03 9.271918999999999578e-01
7.165222999999999956e+03 9.306982999999999784e-01
7.165319000000000415e+03 9.310534000000000310e-01
7.165416999999999462e+03 9.298252000000000184e-01
7.165512999999999920e+03 9.344109000000000442e-01
7.165613999999999578e+03 9.308558999999999584e-01
7.165720000000000255e+03 9.297986999999999780e-01
7.165823999999999614e+03 9.343175000000000230e-01
7.165930000000000291e+03 9.349267999999999468e-01
7.166032000000000153e+03 9.330948999999999494e-01
7.166134000000000015e+03 9.338332999999999773e-01
7.166240999999999985e+03 9.385402999999999940e-01
7.166341000000000349e+03 9.345522000000000551e-01
7.166447000000000116e+03 9.357554000000000149e-01
7.166547999999999774e+03 9.379556000000000004e-01
7.166644999999999527e+03 9.395955000000000279e-01
7.166746000000000095e+03 9.401323000000000318e-01
7.166840999999999440e+03 9.398800999999999961e-01
7.166940999999999804e+03 9.435151000000000510e-01
7.167042000000000371e+03 9.432026999999999495e-01
7.167143000000000029e+03 9.440353000000000216e-01
7.167245999999999185e+03 9.400163000000000268e-01
7.167342999999999847e+03 9.456624000000000141e-01
7.167442999999999302e+03 9.469541999999999682e-01
7.167542000000000371e+03 9.433369999999999811e-01
7.167641999999999825e+03 9.497761000000000120e-01
7.167748999999999796e+03 9.467531999999999615e-01
7.167850999999999658e+03 9.468379000000000101e-01
7.167956000000000131e+03 9.492055999999999827e-01
7.168059000000000196e+03 9.506097000000000019e-01
7.168157000000000153e+03 9.497847999999999846e-01
7.168261000000000422e+03 9.507082999999999506e-01
7.168359999999999673e+03 9.549841000000000024e-01
7.168462999999999738e+03 9.514289999999999692e-01
7.168565999999999804e+03 9.514496999999999538e-01
7.168657999999999447e+03 9.536191000000000528e-01
7.168755000000000109e+03 9.523104000000000013e-01
7.168847000000000662e+03 9.538126000000000104e-01
7.168942999999999302e+03 9.553156999999999899e-01
7.169043000000000575e+03 9.574924999999999686e-01
7.169143000000000029e+03 9.550606000000000373e-01
7.169242999999999483e+03 9.578638000000000430e-01
7.169338999999999942e+03 9.582232000000000527e-01
7.169435000000000400e+03 9.596995000000000386e-01
7.169534999999999854e+03 9.623458999999999763e-01
7.169631000000000313e+03 9.600703000000000431e-01
7.169736999999999171e+03 9.576451000000000269e-01
7.169841999999999643e+03 9.599984999999999769e-01
7.169943000000000211e+03 9.610374000000000416e-01
7.170046000000000276e+03 9.660855000000000414e-01
7.170143999999999323e+03 9.652522000000000046e-01
7.170246999999999389e+03 9.688879999999999715e-01
7.170347999999999956e+03 9.666723000000000399e-01
7.170447000000000116e+03 9.700029999999999486e-01
7.170550999999999476e+03 9.705878000000000005e-01
7.170645000000000437e+03 9.729849999999999888e-01
7.170742999999999483e+03 9.686382999999999521e-01
7.170840000000000146e+03 9.721587999999999896e-01
7.170934000000000196e+03 9.722024999999999695e-01
7.171036000000000058e+03 9.737257000000000273e-01
7.171135999999999513e+03 9.800278999999999519e-01
7.171237999999999374e+03 9.736709999999999532e-01
7.171338999999999942e+03 9.757888000000000117e-01
7.171433999999999287e+03 9.777597000000000094e-01
7.171537000000000262e+03 9.778143999999999725e-01
7.171636000000000422e+03 9.852891999999999761e-01
7.171742000000000189e+03 9.828656999999999533e-01
7.171850000000000364e+03 9.833486000000000171e-01
7.171952000000000226e+03 9.845021000000000466e-01
7.172059000000000196e+03 9.849366999999999983e-01
7.172162000000000262e+03 9.857242999999999977e-01
7.172265999999999622e+03 9.898394999999999833e-01
7.172371000000000095e+03 9.914638000000000062e-01
7.172471999999999753e+03 9.864555000000000407e-01
7.172576000000000022e+03 9.863397000000000414e-01
7.172673999999999978e+03 9.853060999999999625e-01
7.172770999999999731e+03 9.917774000000000312e-01
7.172869000000000597e+03 9.888301000000000451e-01
7.172964999999999236e+03 9.930563999999999503e-01
7.173068999999999505e+03 9.941851000000000438e-01
7.173171000000000276e+03 9.924905000000000532e-01
7.173270999999999731e+03 9.966165999999999636e-01
7.173371999999999389e+03 9.956180999999999504e-01
7.173466000000000349e+03 9.964747000000000465e-01
7.173569999999999709e+03 9.987047000000000008e-01
7.173670999999999367e+03 9.976836999999999511e-01
7.173770000000000437e+03 1.000513999999999903e+00
7.173877000000000407e+03 9.985123000000000193e-01
7.173975999999999658e+03 1.002928000000000042e+00
7.174079999999999927e+03 1.000963000000000047e+00
7.174182999999999993e+03 9.996599999999999930e-01
7.174280999999999949e+03 1.002329999999999943e+00
7.174384000000000015e+03 1.003287999999999958e+00
7.174481999999999971e+03 1.006340999999999930e+00
7.174581000000000131e+03 9.998411999999999855e-01
7.174680000000000291e+03 1.005463999999999913e+00
7.174770999999999731e+03 1.003012999999999932e+00
7.174868000000000393e+03 1.001349000000000045e+00
7.174960999999999331e+03 1.006210000000000049e+00
7.175060000000000400e+03 1.006998999999999977e+00
7.175162000000000262e+03 1.008221000000000034e+00
7.175258000000000720e+03 1.006013999999999964e+00
7.175359000000000378e+03 1.008169000000000093e+00
7.175455999999999221e+03 1.009233999999999964e+00
7.175552999999999884e+03 1.010240000000000027e+00
7.175653999999999542e+03 1.007533000000000012e+00
7.175752000000000407e+03 1.007357000000000058e+00
7.175856999999999971e+03 1.011840000000000073e+00
7.175958999999999833e+03 1.008126999999999995e+00
7.176059000000000196e+03 1.012189999999999923e+00
7.176162999999999556e+03 1.007565999999999962e+00
7.176260000000000218e+03 1.008045000000000080e+00
7.176365999999999985e+03 1.009193999999999924e+00
7.176469000000000051e+03 1.008316999999999908e+00
7.176565999999999804e+03 1.012437999999999949e+00
7.176668000000000575e+03 1.011031000000000013e+00
7.176760999999999513e+03 1.009657000000000027e+00
7.176858000000000175e+03 1.004647999999999985e+00
7.176956999999999425e+03 1.011308000000000096e+00
7.177054000000000087e+03 1.010223000000000093e+00
7.177158999999999651e+03 1.013727999999999962e+00
7.177259000000000015e+03 1.009632000000000085e+00
7.177360000000000582e+03 1.014750999999999959e+00
7.177462000000000444e+03 1.013554999999999984e+00
7.177556000000000495e+03 1.012942000000000009e+00
7.177661000000000058e+03 1.013994999999999980e+00
7.177765000000000327e+03 1.018232000000000026e+00
7.177871000000000095e+03 1.017525000000000013e+00
7.177976999999999862e+03 1.015206999999999971e+00
7.178078000000000429e+03 1.012672000000000017e+00
7.178182999999999993e+03 1.013230000000000075e+00
7.178284999999999854e+03 1.012380999999999975e+00
7.178387999999999920e+03 1.015077000000000007e+00
7.178492999999999483e+03 1.013004000000000016e+00
7.178591999999999643e+03 1.016677999999999971e+00
7.178693000000000211e+03 1.015392000000000072e+00
7.178789999999999964e+03 1.014864999999999906e+00
7.178884000000000015e+03 1.017981999999999942e+00
7.178983999999999469e+03 1.013155000000000028e+00
7.179081000000000131e+03 1.018785000000000052e+00
7.179185000000000400e+03 1.017916000000000043e+00
7.179287000000000262e+03 1.015783000000000103e+00
7.179382000000000517e+03 1.018068999999999891e+00
7.179481999999999971e+03 1.015068999999999999e+00
7.179574999999999818e+03 1.016310000000000047e+00
7.179676999999999680e+03 1.016841000000000106e+00
7.179782000000000153e+03 1.018122999999999889e+00
7.179881000000000313e+03 1.019670000000000076e+00
7.179984000000000378e+03 1.018416999999999906e+00
7.180081000000000131e+03 1.021198999999999968e+00
7.180182000000000698e+03 1.019835000000000047e+00
7.180286000000000058e+03 1.022367000000000026e+00
7.180385000000000218e+03 1.017601999999999896e+00
7.180487000000000080e+03 1.016262999999999916e+00
7.180586000000000240e+03 1.022442999999999991e+00
7.180684000000000196e+03 1.023025999999999991e+00
7.180780999999999949e+03 1.024054999999999938e+00
7.180872000000000298e+03 1.020258000000000109e+00
7.180971999999999753e+03 1.023044999999999982e+00
7.181069999999999709e+03 1.017220999999999931e+00
7.181168999999999869e+03 1.021514000000000033e+00
7.181271999999999935e+03 1.016097000000000028e+00
7.181368000000000393e+03 1.025284000000000084e+00
7.181466999999999643e+03 1.024038999999999922e+00
7.181561999999999898e+03 1.017822999999999922e+00
7.181658999999999651e+03 1.025641999999999943e+00
7.181762999999999920e+03 1.021281000000000105e+00
7.181862000000000080e+03 1.024456999999999951e+00
7.181968000000000757e+03 1.023989000000000038e+00
7.182074000000000524e+03 1.023500000000000076e+00
7.182171999999999571e+03 1.027524000000000104e+00
7.182275999999999840e+03 1.023973000000000022e+00
7.182376999999999498e+03 1.026896000000000031e+00
7.182479999999999563e+03 1.023152999999999979e+00
7.182583000000000538e+03 1.022893000000000052e+00
7.182680999999999585e+03 1.027126999999999901e+00
7.182780999999999949e+03 1.029168000000000083e+00
7.182876000000000204e+03 1.023536000000000001e+00
7.182974999999999454e+03 1.019627999999999979e+00
7.183077000000000226e+03 1.026181000000000010e+00
7.183175999999999476e+03 1.026372999999999980e+00
7.183280999999999949e+03 1.020899000000000001e+00
7.183381999999999607e+03 1.022415000000000074e+00
7.183481999999999971e+03 1.028054000000000023e+00
7.183581000000000131e+03 1.027327000000000101e+00
7.183679000000000087e+03 1.022142000000000106e+00
7.183783000000000357e+03 1.022337000000000051e+00
7.183887000000000626e+03 1.023870000000000058e+00
7.183992000000000189e+03 1.025438000000000072e+00
7.184097999999999956e+03 1.027007000000000003e+00
7.184197000000000116e+03 1.027509000000000006e+00
7.184301999999999680e+03 1.028898000000000090e+00
7.184404999999999745e+03 1.025981000000000032e+00
7.184506999999999607e+03 1.028648000000000007e+00
7.184612000000000080e+03 1.024718000000000018e+00
7.184707999999999629e+03 1.030426999999999982e+00
7.184806999999999789e+03 1.025201000000000029e+00
7.184904000000000451e+03 1.027087000000000083e+00
7.184998000000000502e+03 1.029444999999999943e+00
7.185096999999999753e+03 1.028564999999999952e+00
7.185193000000000211e+03 1.029805999999999999e+00
7.185295000000000073e+03 1.031064999999999898e+00
7.185396999999999935e+03 1.025131000000000014e+00
7.185492000000000189e+03 1.024262999999999924e+00
7.185590000000000146e+03 1.030481999999999898e+00
7.185684000000000196e+03 1.032070999999999961e+00
7.185783999999999651e+03 1.026105999999999963e+00
7.185889000000000124e+03 1.028664000000000023e+00
7.185988000000000284e+03 1.028173999999999921e+00
7.186092000000000553e+03 1.031670000000000087e+00
7.186192000000000007e+03 1.029708000000000068e+00
7.186291000000000167e+03 1.033767000000000102e+00
7.186395000000000437e+03 1.030537000000000036e+00
7.186492999999999483e+03 1.033547999999999911e+00
7.186595999999999549e+03 1.030370999999999926e+00
7.186696000000000822e+03 1.027695000000000025e+00
7.186791000000000167e+03 1.029797999999999991e+00
7.186889000000000124e+03 1.025598000000000010e+00
7.186980000000000473e+03 1.032234000000000096e+00
7.187077999999999520e+03 1.029649000000000036e+00
7.187176000000000386e+03 1.027829000000000104e+00
7.187274000000000342e+03 1.031771999999999911e+00
7.187378999999999905e+03 1.030189000000000021e+00
7.187472999999999956e+03 1.030742999999999965e+00
7.187570999999999913e+03 1.030947000000000058e+00
7.187671000000000276e+03 1.033153999999999906e+00
7.187768000000000029e+03 1.029884999999999939e+00
7.187871999999999389e+03 1.031144000000000061e+00
7.187972999999999956e+03 1.032877000000000045e+00
7.188077000000000226e+03 1.031829000000000107e+00
7.188181000000000495e+03 1.028612000000000082e+00
7.188278999999999542e+03 1.033493999999999913e+00
7.188382999999999811e+03 1.031139999999999946e+00
7.188485999999999876e+03 1.032208000000000014e+00
7.188588000000000648e+03 1.031479000000000035e+00
7.188693000000000211e+03 1.028925000000000090e+00
7.188788999999999760e+03 1.032068999999999903e+00
7.188888000000000829e+03 1.028191000000000077e+00
7.188985999999999876e+03 1.031725000000000003e+00
7.189083000000000538e+03 1.029114000000000084e+00
7.189185000000000400e+03 1.030920999999999976e+00
7.189282000000000153e+03 1.029403999999999986e+00
7.189384999999999309e+03 1.027269999999999905e+00
7.189487000000000080e+03 1.026553999999999967e+00
7.189582999999999629e+03 1.032086999999999977e+00
7.189682999999999993e+03 1.023803000000000019e+00
7.189779999999999745e+03 1.031495000000000051e+00
7.189882999999999811e+03 1.028734999999999955e+00
7.189988999999999578e+03 1.026936000000000071e+00
7.190090999999999440e+03 1.027976000000000001e+00
7.190197000000000116e+03 1.028392999999999891e+00
7.190295000000000073e+03 1.033763999999999905e+00
7.190395999999999731e+03 1.029694000000000109e+00
7.190502000000000407e+03 1.031700999999999979e+00
7.190600999999999658e+03 1.029935000000000045e+00
7.190703000000000429e+03 1.030305999999999944e+00
7.190798999999999978e+03 1.029633000000000020e+00
7.190891999999999825e+03 1.030947000000000058e+00
7.190989999999999782e+03 1.030105000000000048e+00
7.191083999999999833e+03 1.028618000000000032e+00
7.191181000000000495e+03 1.032194000000000056e+00
7.191277000000000044e+03 1.028502999999999945e+00
7.191376000000000204e+03 1.025495999999999963e+00
7.191478000000000065e+03 1.030342000000000091e+00
7.191573000000000320e+03 1.027952999999999895e+00
7.191667999999999665e+03 1.030081000000000024e+00
7.191765000000000327e+03 1.027970999999999968e+00
7.191862000000000080e+03 1.027171999999999974e+00
7.191966999999999643e+03 1.028227000000000002e+00
7.192068000000000211e+03 1.030475000000000030e+00
7.192167999999999665e+03 1.031301999999999941e+00
7.192271999999999935e+03 1.028192999999999913e+00
7.192371999999999389e+03 1.026731000000000060e+00
7.192475000000000364e+03 1.027673999999999976e+00
7.192573000000000320e+03 1.026983999999999897e+00
7.192672999999999774e+03 1.028016000000000041e+00
7.192774000000000342e+03 1.029346000000000094e+00
7.192866999999999280e+03 1.025686000000000098e+00
7.192962999999999738e+03 1.027868999999999922e+00
7.193057999999999993e+03 1.022958999999999952e+00
7.193150999999999840e+03 1.028616999999999893e+00
7.193255000000000109e+03 1.024184999999999901e+00
7.193354000000000269e+03 1.031320999999999932e+00
7.193451999999999316e+03 1.027050000000000018e+00
7.193552000000000589e+03 1.027217999999999964e+00
7.193646000000000640e+03 1.023401000000000005e+00
7.193747000000000298e+03 1.023538000000000059e+00
7.193844999999999345e+03 1.022040000000000060e+00
7.193946000000000822e+03 1.023366999999999916e+00
7.194051999999999680e+03 1.027892999999999946e+00
7.194154000000000451e+03 1.021587999999999941e+00
7.194261999999999716e+03 1.027298000000000044e+00
7.194362000000000080e+03 1.027789000000000064e+00
7.194462999999999738e+03 1.021532000000000107e+00
7.194569000000000415e+03 1.025867000000000084e+00
7.194670999999999367e+03 1.025350999999999901e+00
7.194774999999999636e+03 1.028080000000000105e+00
7.194872000000000298e+03 1.022224999999999939e+00
7.194966000000000349e+03 1.026105000000000045e+00
7.195065999999999804e+03 1.026045000000000096e+00
7.195162000000000262e+03 1.022378999999999927e+00
7.195262999999999920e+03 1.026761000000000035e+00
7.195363000000000284e+03 1.028151999999999955e+00
7.195462000000000444e+03 1.016755000000000075e+00
7.195566000000000713e+03 1.019271000000000038e+00
7.195661000000000058e+03 1.023762000000000061e+00
7.195759000000000015e+03 1.030165999999999915e+00
7.195856999999999971e+03 1.025028000000000050e+00
7.195957000000000335e+03 1.025973999999999942e+00
7.196065999999999804e+03 1.022270000000000012e+00
7.196167999999999665e+03 1.020782000000000078e+00
7.196265999999999622e+03 1.024513999999999925e+00
7.196365999999999985e+03 1.025123999999999924e+00
7.196463999999999942e+03 1.025776999999999939e+00
7.196569000000000415e+03 1.022477000000000080e+00
7.196671000000000276e+03 1.017973999999999934e+00
7.196768000000000029e+03 1.020062000000000024e+00
7.196865999999999985e+03 1.024013000000000062e+00
7.196958999999999833e+03 1.021829000000000098e+00
7.197055999999999585e+03 1.019447999999999910e+00
7.197149999999999636e+03 1.021490999999999927e+00
7.197244000000000597e+03 1.020140999999999964e+00
7.197344000000000051e+03 1.020558999999999994e+00
7.197441000000000713e+03 1.024793999999999983e+00
7.197539999999999964e+03 1.020839999999999970e+00
7.197639000000000124e+03 1.020799000000000012e+00
7.197730999999999767e+03 1.022977000000000025e+00
7.197829999999999927e+03 1.022396000000000083e+00
7.197927999999999884e+03 1.020462999999999898e+00
7.198029999999999745e+03 1.015433000000000030e+00
7.198132000000000517e+03 1.025754999999999972e+00
7.198230999999999767e+03 1.019287000000000054e+00
7.198335000000000036e+03 1.015892000000000017e+00
7.198432999999999993e+03 1.021949999999999914e+00
7.198533000000000357e+03 1.019239000000000006e+00
7.198635999999999513e+03 1.016734000000000027e+00
7.198733000000000175e+03 1.020610999999999935e+00
7.198836000000000240e+03 1.021187000000000067e+00
7.198934000000000196e+03 1.016224000000000016e+00
7.199025999999999840e+03 1.017269999999999897e+00
7.199124000000000706e+03 1.020415999999999990e+00
7.199219000000000051e+03 1.019789999999999974e+00
7.199319000000000415e+03 1.013346999999999998e+00
7.199420000000000073e+03 1.014324000000000003e+00
7.199516999999999825e+03 1.019411000000000067e+00
7.199620000000000800e+03 1.014550999999999981e+00
7.199716999999999643e+03 1.015557999999999961e+00
7.199815999999999804e+03 1.023285999999999918e+00
7.199917000000000371e+03 1.015285999999999911e+00
7.200015999999999622e+03 1.015945000000000098e+00
7.200123999999999796e+03 1.018372000000000055e+00
7.200226999999999862e+03 1.015104999999999924e+00
7.200332000000000335e+03 1.015411000000000064e+00
7.200433999999999287e+03 1.014455000000000107e+00
7.200533000000000357e+03 1.013544999999999918e+00
7.200640000000000327e+03 1.014586999999999906e+00
7.200743000000000393e+03 1.014288999999999996e+00
7.200844000000000051e+03 1.016423999999999994e+00
7.200944999999999709e+03 1.014699999999999935e+00
7.201038999999999760e+03 1.012420000000000098e+00
7.201136999999999716e+03 1.013217999999999952e+00
7.201234000000000378e+03 1.019630999999999954e+00
7.201331999999999425e+03 1.018145999999999995e+00
7.201434000000000196e+03 1.012067999999999968e+00
7.201529999999999745e+03 1.014685000000000059e+00
7.201632999999999811e+03 1.015792000000000028e+00
7.201731999999999971e+03 1.016483999999999943e+00
7.201825000000000728e+03 1.011080999999999896e+00
7.201922999999999774e+03 1.011546999999999974e+00
7.202019000000000233e+03 1.017072999999999894e+00
7.202122000000000298e+03 1.013239999999999919e+00
7.202226999999999862e+03 1.016286000000000023e+00
7.202323999999999614e+03 1.012178999999999940e+00
7.202426000000000386e+03 1.013810000000000100e+00
7.202523000000000138e+03 1.015304999999999902e+00
7.202622000000000298e+03 1.016135999999999928e+00
7.202725000000000364e+03 1.014429000000000025e+00
7.202822000000000116e+03 1.016118999999999994e+00
7.202921000000000276e+03 1.011373000000000077e+00
7.203014999999999418e+03 1.013454999999999995e+00
7.203108000000000175e+03 1.017843000000000053e+00
7.203204999999999927e+03 1.015131000000000006e+00
7.203297999999999774e+03 1.014005000000000045e+00
7.203396999999999935e+03 1.013290999999999942e+00
7.203497999999999593e+03 1.014936000000000060e+00
7.203596000000000458e+03 1.013881999999999950e+00
7.203694999999999709e+03 1.012477000000000071e+00
7.203788000000000466e+03 1.011376999999999970e+00
7.203884000000000015e+03 1.010280000000000067e+00
7.203981999999999971e+03 1.009454999999999991e+00
7.204078999999999724e+03 1.010693999999999981e+00
7.204184999999999491e+03 1.012782999999999989e+00
7.204284999999999854e+03 1.015357000000000065e+00
7.204385000000000218e+03 1.012909000000000059e+00
7.204488999999999578e+03 1.016226999999999991e+00
7.204587000000000444e+03 1.013519999999999976e+00
7.204690000000000509e+03 1.013857000000000008e+00
7.204791000000000167e+03 1.009773999999999949e+00
7.204889999999999418e+03 1.010056999999999983e+00
7.204990999999999985e+03 1.012253000000000069e+00
7.205086999999999534e+03 1.015916999999999959e+00
7.205182999999999993e+03 1.011997999999999953e+00
7.205279999999999745e+03 1.010893999999999959e+00
7.205377999999999702e+03 1.014723000000000042e+00
7.205481999999999971e+03 1.013200000000000101e+00
7.205580999999999221e+03 1.014512999999999998e+00
7.205680000000000291e+03 1.011385999999999896e+00
7.205780999999999949e+03 1.011746000000000034e+00
7.205877000000000407e+03 1.013228999999999935e+00
7.205980000000000473e+03 1.005587999999999926e+00
7.206078999999999724e+03 1.012515000000000054e+00
7.206180999999999585e+03 1.011989999999999945e+00
7.206288999999999760e+03 1.008801999999999977e+00
7.206390999999999622e+03 1.011219000000000090e+00
7.206494000000000597e+03 1.012358000000000091e+00
7.206594000000000051e+03 1.008528000000000091e+00
7.206694999999999709e+03 1.007621000000000100e+00
7.206800999999999476e+03 1.007257999999999987e+00
7.206900999999999840e+03 1.011328000000000005e+00
7.207001000000000204e+03 1.011643999999999988e+00
7.207097999999999956e+03 1.013795000000000002e+00
7.207190999999999804e+03 1.005543999999999993e+00
7.207290999999999258e+03 1.006718999999999919e+00
7.207386999999999716e+03 1.007789000000000046e+00
7.207485000000000582e+03 1.007765000000000022e+00
7.207582999999999629e+03 1.001525999999999916e+00
7.207680000000000291e+03 1.006143999999999927e+00
7.207783000000000357e+03 1.006402000000000019e+00
7.207877999999999702e+03 1.005101000000000022e+00
7.207970000000000255e+03 1.005899000000000099e+00
7.208069000000000415e+03 1.004985999999999935e+00
7.208167000000000371e+03 1.011640000000000095e+00
7.208271999999999935e+03 1.009465000000000057e+00
7.208373999999999796e+03 1.008831000000000033e+00
7.208471000000000458e+03 1.008928999999999965e+00
7.208573000000000320e+03 1.007713999999999999e+00
7.208671000000000276e+03 1.008734000000000020e+00
7.208773000000000138e+03 1.004839000000000038e+00
7.208875000000000000e+03 1.011972000000000094e+00
7.208971999999999753e+03 1.009114999999999984e+00
7.209073000000000320e+03 1.009071999999999969e+00
7.209166999999999462e+03 1.009198999999999957e+00
7.209261999999999716e+03 1.007841999999999905e+00
7.209355999999999767e+03 1.006688000000000027e+00
7.209450000000000728e+03 1.008806000000000092e+00
7.209552000000000589e+03 1.002599999999999936e+00
7.209649999999999636e+03 1.004734000000000016e+00
7.209747000000000298e+03 1.006231000000000098e+00
7.209847999999999956e+03 1.009465000000000057e+00
7.209939999999999600e+03 1.005071999999999965e+00
7.210039999999999964e+03 1.016677999999999971e+00
7.210140000000000327e+03 1.005819999999999936e+00
7.210238999999999578e+03 1.006436000000000108e+00
7.210346000000000458e+03 1.001238999999999990e+00
7.210445999999999913e+03 1.008140000000000036e+00
7.210549999999999272e+03 1.004453000000000040e+00
7.210651000000000749e+03 1.011279000000000039e+00
7.210750000000000000e+03 1.012918999999999903e+00
7.210855999999999767e+03 1.003576000000000024e+00
7.210958999999999833e+03 1.006775999999999893e+00
7.211059999999999491e+03 1.004633000000000109e+00
7.211159999999999854e+03 1.007165000000000088e+00
7.211252999999999702e+03 1.011211000000000082e+00
7.211351999999999862e+03 1.010915000000000008e+00
7.211451000000000022e+03 1.013627000000000056e+00
7.211550000000000182e+03 1.007878999999999969e+00
7.211655000000000655e+03 1.007838000000000012e+00
7.211753999999999905e+03 1.003044999999999964e+00
7.211855999999999767e+03 1.009133999999999975e+00
7.211953000000000429e+03 1.008388999999999980e+00
7.212049999999999272e+03 1.003578999999999999e+00
7.212153000000000247e+03 1.006744000000000083e+00
7.212252999999999702e+03 1.009260999999999964e+00
7.212359000000000378e+03 1.007373999999999992e+00
7.212465000000000146e+03 1.011700999999999961e+00
7.212564999999999600e+03 1.012162000000000006e+00
7.212667999999999665e+03 1.009900000000000020e+00
7.212766000000000531e+03 1.009049000000000085e+00
7.212868000000000393e+03 1.008774000000000060e+00
7.212974000000000160e+03 1.009608000000000061e+00
7.213070999999999913e+03 1.005530999999999953e+00
7.213171000000000276e+03 1.003603999999999941e+00
7.213264000000000124e+03 1.007884000000000002e+00
7.213356999999999971e+03 1.009514999999999940e+00
7.213457000000000335e+03 1.001859999999999973e+00
7.213550999999999476e+03 1.001492999999999967e+00
7.213650999999999840e+03 1.000086999999999948e+00
7.213750000000000000e+03 1.009382000000000001e+00
7.213847000000000662e+03 1.007489000000000079e+00
7.213947000000000116e+03 1.004343999999999903e+00
7.214041000000000167e+03 1.007989999999999942e+00
7.214135999999999513e+03 1.001848000000000072e+00
7.214234000000000378e+03 1.009948000000000068e+00
7.214333999999999833e+03 1.007983999999999991e+00
7.214442000000000007e+03 1.007238999999999995e+00
7.214542999999999665e+03 1.003795999999999911e+00
7.214642000000000735e+03 9.988211999999999646e-01
7.214743999999999687e+03 1.007214999999999971e+00
7.214841999999999643e+03 1.005897000000000041e+00
7.214945999999999913e+03 1.010246999999999895e+00
7.215045000000000073e+03 1.003991999999999996e+00
7.215143999999999323e+03 1.009468000000000032e+00
7.215243000000000393e+03 1.006863000000000063e+00
7.215335999999999331e+03 1.006909000000000054e+00
7.215430999999999585e+03 1.005403000000000047e+00
7.215528000000000247e+03 1.002877000000000018e+00
7.215622999999999593e+03 1.013306000000000040e+00
7.215728999999999360e+03 1.011023000000000005e+00
7.215828000000000429e+03 1.004304000000000086e+00
7.215925999999999476e+03 1.001810000000000089e+00
7.216025000000000546e+03 1.006796999999999942e+00
7.216118999999999687e+03 1.006164999999999976e+00
7.216220999999999549e+03 1.008497999999999895e+00
7.216320999999999913e+03 1.005643999999999982e+00
7.216422999999999774e+03 1.009967999999999977e+00
7.216530999999999949e+03 9.989027000000000323e-01
7.216632999999999811e+03 1.014953999999999912e+00
7.216735999999999876e+03 1.005335000000000090e+00
7.216836999999999534e+03 1.011541999999999941e+00
7.216936999999999898e+03 1.006658000000000053e+00
7.217043000000000575e+03 1.009810000000000096e+00
7.217144000000000233e+03 1.001533999999999924e+00
7.217247000000000298e+03 1.001462999999999992e+00
7.217345000000000255e+03 1.001093999999999928e+00
7.217438999999999396e+03 1.008308999999999900e+00
7.217539000000000669e+03 1.009535999999999989e+00
7.217635999999999513e+03 1.001818000000000097e+00
7.217736999999999171e+03 1.011120000000000019e+00
7.217838999999999942e+03 1.000833000000000084e+00
7.217936999999999898e+03 1.004653999999999936e+00
7.218038999999999760e+03 1.007182999999999939e+00
7.218135000000000218e+03 1.005038000000000098e+00
7.218232999999999265e+03 1.012478999999999907e+00
7.218333999999999833e+03 1.007972000000000090e+00
7.218431999999999789e+03 1.010343999999999909e+00
7.218539999999999964e+03 1.004286000000000012e+00
7.218644000000000233e+03 1.004650999999999961e+00
7.218742000000000189e+03 1.011441000000000034e+00
7.218844000000000051e+03 1.003786000000000067e+00
7.218939999999999600e+03 1.004691000000000001e+00
7.219042000000000371e+03 1.006836999999999982e+00
7.219145000000000437e+03 1.006725000000000092e+00
7.219240999999999985e+03 1.003066999999999931e+00
7.219338999999999942e+03 9.995682999999999652e-01
7.219432000000000698e+03 1.011204999999999909e+00
7.219525999999999840e+03 1.006177000000000099e+00
7.219625000000000000e+03 1.012418999999999958e+00
7.219718000000000757e+03 1.003953000000000095e+00
7.219817000000000007e+03 1.012366000000000099e+00
7.219915999999999258e+03 1.008764999999999912e+00
7.220014000000000124e+03 1.006188000000000082e+00
7.220112999999999374e+03 9.971157999999999966e-01
7.220207000000000335e+03 1.009360000000000035e+00
7.220304999999999382e+03 1.010490000000000110e+00
7.220405000000000655e+03 1.006971000000000060e+00
7.220505000000000109e+03 1.010888999999999927e+00
7.220609999999999673e+03 1.004523999999999972e+00
7.220708999999999833e+03 1.007346000000000075e+00
7.220810000000000400e+03 1.011144999999999960e+00
7.220909999999999854e+03 1.016548999999999925e+00
7.221009000000000015e+03 1.005208000000000101e+00
7.221113999999999578e+03 1.007401999999999909e+00
7.221212000000000444e+03 1.012947000000000042e+00
7.221309999999999491e+03 1.000350000000000072e+00
7.221409999999999854e+03 1.003903999999999908e+00
7.221504000000000815e+03 1.008696000000000037e+00
7.221600999999999658e+03 1.007538999999999962e+00
7.221699000000000524e+03 1.002043000000000017e+00
7.221796000000000276e+03 1.002459999999999907e+00
7.221898999999999432e+03 1.008856999999999893e+00
7.221998000000000502e+03 1.011255999999999933e+00
7.222096999999999753e+03 1.004774000000000056e+00
7.222197999999999411e+03 1.018397999999999914e+00
7.222293999999999869e+03 1.015060000000000073e+00
7.222398000000000138e+03 1.007157000000000080e+00
7.222498999999999796e+03 9.972744999999999527e-01
7.222600999999999658e+03 1.013608999999999982e+00
7.222707999999999629e+03 9.998658000000000268e-01
7.222810999999999694e+03 1.010613999999999901e+00
7.222916999999999462e+03 1.012815000000000021e+00
7.223019000000000233e+03 1.006925999999999988e+00
7.223118999999999687e+03 1.005265000000000075e+00
7.223225000000000364e+03 1.005498999999999921e+00
7.223322999999999411e+03 1.012496000000000063e+00
7.223423999999999978e+03 1.001166000000000000e+00
7.223521999999999935e+03 1.005638999999999950e+00
7.223617000000000189e+03 1.006037999999999988e+00
7.223720000000000255e+03 1.007749999999999924e+00
7.223817000000000007e+03 1.014548000000000005e+00
7.223917000000000371e+03 1.005190000000000028e+00
7.224018000000000029e+03 1.010871999999999993e+00
7.224114000000000487e+03 1.003281000000000089e+00
7.224217000000000553e+03 1.011274999999999924e+00
7.224314999999999600e+03 1.008237000000000050e+00
7.224411000000000058e+03 1.007854000000000028e+00
7.224512999999999920e+03 1.004353000000000051e+00
7.224611000000000786e+03 1.000850999999999935e+00
7.224716999999999643e+03 1.011798999999999893e+00
7.224820000000000618e+03 1.009611999999999954e+00
7.224916999999999462e+03 1.013638999999999957e+00
7.225019999999999527e+03 1.009873000000000021e+00
7.225119000000000597e+03 1.004331000000000085e+00
7.225220000000000255e+03 1.019803999999999933e+00
7.225323000000000320e+03 1.008804000000000034e+00
7.225417000000000371e+03 1.018578999999999901e+00
7.225514000000000124e+03 1.010056999999999983e+00
7.225606999999999971e+03 9.978396999999999961e-01
7.225701000000000022e+03 1.004955000000000043e+00
7.225801999999999680e+03 1.015957999999999917e+00
7.225896999999999935e+03 1.004574999999999996e+00
7.225996999999999389e+03 1.005684000000000022e+00
7.226096000000000458e+03 1.008617000000000097e+00
7.226193000000000211e+03 1.000388999999999973e+00
7.226292999999999665e+03 1.006980999999999904e+00
7.226385999999999513e+03 1.011873000000000022e+00
7.226487000000000080e+03 1.011816999999999966e+00
7.226587999999999738e+03 1.003243000000000107e+00
7.226688000000000102e+03 1.001112999999999920e+00
7.226792999999999665e+03 1.017366999999999910e+00
7.226892000000000735e+03 1.006123000000000101e+00
7.226994000000000597e+03 1.008394999999999930e+00
7.227099000000000160e+03 1.003673000000000037e+00
7.227197999999999411e+03 1.020013999999999976e+00
7.227301999999999680e+03 1.010178000000000020e+00
7.227401000000000749e+03 1.008653000000000022e+00
7.227496999999999389e+03 1.016418000000000044e+00
7.227597000000000662e+03 1.007301999999999920e+00
7.227692000000000007e+03 1.009794000000000080e+00
7.227789999999999964e+03 1.009816000000000047e+00
7.227890000000000327e+03 1.001508999999999983e+00
7.227989999999999782e+03 1.009940000000000060e+00
7.228095999999999549e+03 1.007689999999999975e+00
7.228193000000000211e+03 1.019622999999999946e+00
7.228290999999999258e+03 1.008183999999999969e+00
7.228393000000000029e+03 1.014278000000000013e+00
7.228490999999999985e+03 1.005838999999999928e+00
7.228596999999999753e+03 1.004348000000000019e+00
7.228701000000000022e+03 1.014906000000000086e+00
7.228804000000000087e+03 1.003030000000000088e+00
7.228909999999999854e+03 1.012794999999999890e+00
7.229009999999999309e+03 1.001773000000000025e+00
7.229114999999999782e+03 1.015306999999999960e+00
7.229217000000000553e+03 1.015136000000000038e+00
7.229319000000000415e+03 1.014408999999999894e+00
7.229426000000000386e+03 1.018246999999999902e+00
7.229523000000000138e+03 1.005382999999999916e+00
7.229618999999999687e+03 1.026515999999999984e+00
7.229701999999999316e+03 1.002293000000000101e+00
7.229740999999999985e+03 1.014016000000000028e+00
7.229753999999999905e+03 9.996412000000000075e-01
7.229762999999999920e+03 1.008720000000000061e+00
7.229766999999999825e+03 1.013973999999999931e+00
