energy intensity
7.089864999999999782e+03 3.458107000000000195e-03
7.089889000000000124e+03 -2.060859000000000117e-04
7.089960000000000036e+03 1.485325000000000013e-03
7.090048000000000684e+03 1.611531000000000031e-03
7.090146999999999935e+03 1.413869000000000107e-03
7.090251000000000204e+03 1.949081000000000077e-03
7.090351999999999862e+03 2.595956999999999865e-03
7.090457999999999629e+03 1.722966999999999945e-03
7.090557000000000698e+03 1.917967000000000131e-04
7.090659999999999854e+03 2.189893999999999955e-03
7.090766000000000531e+03 7.817263000000000510e-04
7.090863999999999578e+03 2.641656999999999946e-03
7.090966999999999643e+03 3.882922999999999930e-03
7.091063000000000102e+03 2.512794000000000052e-03
7.091159000000000560e+03 1.421738000000000082e-03
7.091256999999999607e+03 1.143651999999999993e-03
7.091349000000000160e+03 6.354661000000000380e-04
7.091446999999999207e+03 2.482968999999999801e-03
7.091542999999999665e+03 1.535658999999999982e-03
7.091641000000000531e+03 4.995642999999999698e-04
7.091740999999999985e+03 -1.428786999999999939e-03
7.091836000000000240e+03 1.088942999999999986e-03
7.091935000000000400e+03 -1.059409999999999942e-04
7.092030000000000655e+03 1.608152000000000062e-03
7.092132000000000517e+03 5.614323999999999747e-04
7.092235999999999876e+03 7.969286000000000121e-04
7.092336000000000240e+03 2.441413999999999824e-03
7.092442000000000007e+03 1.641724000000000004e-03
7.092542999999999665e+03 7.720776000000000158e-04
7.092645000000000437e+03 1.293632999999999979e-03
7.092746000000000095e+03 1.353227999999999940e-03
7.092844999999999345e+03 5.448195000000000105e-05
7.092952000000000226e+03 1.604139999999999993e-03
7.093047999999999774e+03 1.465104999999999966e-03
7.093144999999999527e+03 5.768191999999999677e-04
7.093239999999999782e+03 2.607765000000000061e-04
7.093333999999999833e+03 -1.449538999999999906e-03
7.093436999999999898e+03 1.305341999999999917e-03
7.093534999999999854e+03 5.626354999999999768e-04
7.093636000000000422e+03 -7.831512000000000651e-06
7.093737000000000080e+03 2.896315999999999908e-03
7.093832999999999629e+03 8.808627999999999987e-04
7.093934000000000196e+03 1.673755000000000078e-03
7.094032999999999447e+03 1.000016000000000056e-03
7.094137999999999920e+03 2.112026999999999828e-03
7.094242999999999483e+03 6.052428000000000322e-04
7.094347999999999956e+03 -9.649228999999999836e-04
7.094456000000000131e+03 1.218934000000000076e-03
7.094555999999999585e+03 -1.531121999999999995e-03
7.094662999999999556e+03 -2.110864000000000056e-03
7.094768000000000029e+03 1.305165000000000058e-03
7.094871000000000095e+03 1.836844999999999927e-03
7.094975999999999658e+03 -2.356283999999999885e-04
7.095073000000000320e+03 -2.599109999999999962e-03
7.095171999999999571e+03 1.892327000000000072e-03
7.095266999999999825e+03 -7.846959999999999829e-04
7.095364999999999782e+03 -5.487721999999999837e-05
7.095467000000000553e+03 -8.758567999999999996e-04
7.095567000000000007e+03 6.277012000000000542e-05
7.095673999999999978e+03 -1.565609999999999940e-04
7.095771999999999935e+03 -1.167081000000000016e-04
7.095869000000000597e+03 1.386181000000000002e-03
7.095966999999999643e+03 1.666279999999999910e-04
7.096065000000000509e+03 -1.297205000000000059e-03
7.096173999999999978e+03 -1.997576999999999946e-03
7.096280999999999949e+03 4.745616999999999934e-04
7.096382000000000517e+03 -3.757453000000000225e-04
7.096483000000000175e+03 4.003166999999999750e-04
7.096581999999999425e+03 2.677137000000000115e-04
7.096686999999999898e+03 9.931138999999999852e-04
7.096788000000000466e+03 -1.792766000000000108e-03
7.096889000000000124e+03 2.965854999999999880e-04
7.096988999999999578e+03 -3.100943000000000102e-04
7.097082999999999629e+03 -2.034933999999999962e-03
7.097180999999999585e+03 -1.175335999999999916e-03
7.097273999999999432e+03 -5.020343999999999718e-05
7.097369999999999891e+03 -1.425709000000000047e-03
7.097469000000000051e+03 -1.973289999999999940e-03
7.097569000000000415e+03 1.063627999999999975e-04
7.097673000000000684e+03 -1.275707999999999964e-03
7.097769999999999527e+03 -2.336322999999999959e-04
7.097867000000000189e+03 -1.462612000000000070e-03
7.097965000000000146e+03 -6.884829999999999607e-05
7.098065000000000509e+03 -1.601238000000000054e-03
7.098170999999999367e+03 -3.423591000000000134e-03
7.098271999999999935e+03 -1.248622000000000013e-03
7.098376000000000204e+03 -2.488726000000000133e-03
7.098480000000000473e+03 -1.979888999999999868e-03
7.098578999999999724e+03 -1.252751000000000082e-03
7.098682999999999993e+03 -6.077755999999999480e-04
7.098782000000000153e+03 -1.182476000000000013e-03
7.098886000000000422e+03 -4.186755999999999811e-03
7.098988000000000284e+03 -2.277322999999999934e-03
7.099082000000000335e+03 -5.801238999999999701e-04
7.099180999999999585e+03 -1.357228999999999944e-03
7.099274999999999636e+03 -3.948555999999999767e-03
7.099375000000000000e+03 7.930367000000000232e-04
7.099476999999999862e+03 -1.555257999999999901e-03
7.099578000000000429e+03 2.582365000000000203e-04
7.099681999999999789e+03 5.264338000000000350e-04
7.099780999999999949e+03 3.850607000000000248e-04
7.099881999999999607e+03 -4.445737999999999752e-04
7.099983000000000175e+03 -4.269120999999999853e-03
7.100085000000000036e+03 -4.253888000000000157e-04
7.100194000000000415e+03 -3.009794000000000098e-03
7.100298999999999978e+03 -2.535376000000000209e-03
7.100407999999999447e+03 -1.156569999999999994e-03
7.100510000000000218e+03 -2.379206000000000029e-03
7.100610999999999876e+03 -2.019177000000000038e-03
7.100719000000000051e+03 -3.070581000000000178e-03
7.100819000000000415e+03 7.445290999999999932e-04
7.100922999999999774e+03 -2.005807000000000076e-03
7.101020000000000437e+03 -3.822064999999999924e-03
7.101115999999999985e+03 -9.152626000000000078e-04
7.101217000000000553e+03 -1.844775000000000104e-03
7.101314000000000306e+03 -3.014175000000000014e-03
7.101416999999999462e+03 -1.687209999999999968e-03
7.101515000000000327e+03 3.175613999999999781e-04
7.101615999999999985e+03 -2.660416999999999990e-03
7.101717999999999847e+03 -2.048081000000000207e-03
7.101814000000000306e+03 -2.819206999999999790e-03
7.101914999999999964e+03 -2.148628999999999990e-03
7.102013999999999214e+03 -2.701181999999999889e-03
7.102117999999999483e+03 -2.334923999999999941e-03
7.102224999999999454e+03 -5.614733000000000441e-04
7.102324000000000524e+03 -1.000931999999999950e-03
7.102427999999999884e+03 -2.583947999999999974e-03
7.102528000000000247e+03 -1.724592000000000052e-03
7.102628000000000611e+03 -2.736676999999999860e-03
7.102733999999999469e+03 5.254985000000000306e-06
7.102829999999999927e+03 2.855019999999999780e-04
7.102928000000000793e+03 7.168393000000000334e-03
7.103023000000000138e+03 8.044950000000000365e-03
7.103121000000000095e+03 5.206749999999999573e-03
7.103217999999999847e+03 2.376112000000000102e-03
7.103314000000000306e+03 -1.213365000000000103e-03
7.103417999999999665e+03 1.875330000000000085e-04
7.103516999999999825e+03 -1.969895000000000153e-03
7.103617000000000189e+03 1.223279000000000076e-03
7.103713999999999942e+03 -2.317439000000000131e-03
7.103807999999999993e+03 -1.228876999999999964e-03
7.103911000000000058e+03 -1.314969999999999941e-03
7.104011999999999716e+03 -3.651958999999999978e-04
7.104115999999999985e+03 -1.168030999999999930e-03
7.104219999999999345e+03 -2.140307000000000147e-03
7.104320999999999913e+03 -1.874402999999999963e-03
7.104426000000000386e+03 -1.129835000000000041e-03
7.104527000000000044e+03 -3.072809000000000131e-03
7.104628999999999905e+03 -1.855717999999999908e-03
7.104731999999999971e+03 -6.476887000000000182e-04
7.104828999999999724e+03 -2.316926999999999875e-03
7.104930000000000291e+03 -3.176159999999999921e-03
7.105025000000000546e+03 -1.602900999999999892e-03
7.105123999999999796e+03 -1.461094000000000021e-03
7.105222999999999956e+03 -1.906605000000000018e-03
7.105323000000000320e+03 -1.763540999999999980e-03
7.105429000000000087e+03 -1.163163000000000044e-03
7.105527000000000044e+03 -2.549000999999999958e-03
7.105627000000000407e+03 -5.270080000000000337e-04
7.105725999999999658e+03 -3.416148999999999943e-04
7.105825000000000728e+03 -8.903185999999999566e-04
7.105930999999999585e+03 -3.753919000000000093e-03
7.106034000000000560e+03 -2.447224999999999921e-03
7.106140999999999622e+03 -1.251446999999999879e-04
7.106245000000000800e+03 -1.877076000000000092e-03
7.106347000000000662e+03 -3.163717999999999825e-03
7.106453000000000429e+03 -2.934608999999999807e-04
7.106554000000000087e+03 -2.595300000000000037e-04
7.106659999999999854e+03 -7.213586999999999820e-04
7.106760999999999513e+03 3.312961999999999808e-04
7.106858000000000175e+03 -9.298432999999999612e-04
7.106956000000000131e+03 1.210074000000000002e-03
7.107047999999999774e+03 -1.780349000000000081e-03
7.107148999999999432e+03 1.984838000000000054e-03
7.107248000000000502e+03 -1.671432000000000039e-03
7.107346999999999753e+03 -1.037315000000000025e-03
7.107448999999999614e+03 -8.378376000000000096e-04
7.107543999999999869e+03 2.258234000000000023e-03
7.107643000000000029e+03 2.441473999999999793e-04
7.107740999999999985e+03 -1.537724999999999986e-03
7.107836999999999534e+03 2.137529999999999899e-03
7.107940000000000509e+03 1.594224999999999896e-03
7.108039999999999964e+03 2.407733999999999916e-03
7.108145000000000437e+03 2.731878000000000084e-03
7.108247000000000298e+03 -8.915721000000000149e-04
7.108344000000000051e+03 2.287598999999999969e-03
7.108447000000000116e+03 1.233937999999999962e-03
7.108545999999999367e+03 2.956043000000000212e-03
7.108650999999999840e+03 -1.786120000000000036e-04
7.108750000000000000e+03 1.244646999999999984e-03
7.108844999999999345e+03 2.774174999999999818e-03
7.108943000000000211e+03 2.395337999999999894e-03
7.109037000000000262e+03 2.484975999999999852e-03
7.109134000000000015e+03 1.998815000000000140e-03
7.109230000000000473e+03 5.896793000000000000e-03
7.109327999999999520e+03 4.425527999999999754e-03
7.109430999999999585e+03 3.126489000000000091e-03
7.109528000000000247e+03 5.119452000000000030e-03
7.109625999999999294e+03 4.822930999999999920e-03
7.109721999999999753e+03 5.313654999999999594e-03
7.109819999999999709e+03 4.033667000000000329e-03
7.109924999999999272e+03 5.612788999999999973e-03
7.110027000000000044e+03 5.419114000000000049e-03
7.110132999999999811e+03 5.648529000000000223e-03
7.110235000000000582e+03 6.847861000000000226e-03
7.110335000000000036e+03 7.556791999999999676e-03
7.110439999999999600e+03 1.030796999999999963e-02
7.110540999999999258e+03 9.767444999999999600e-03
7.110645999999999731e+03 1.167094999999999938e-02
7.110746000000000095e+03 1.260931000000000031e-02
7.110845000000000255e+03 1.133494999999999989e-02
7.110943999999999505e+03 1.363242999999999920e-02
7.111037999999999556e+03 1.453544000000000017e-02
7.111138000000000829e+03 1.494315000000000053e-02
7.111239000000000487e+03 1.550804000000000071e-02
7.111341000000000349e+03 2.143010999999999874e-02
7.111444999999999709e+03 2.116793999999999967e-02
7.111542000000000371e+03 2.272847000000000062e-02
7.111643000000000029e+03 2.848530999999999980e-02
7.111740999999999985e+03 3.130478999999999901e-02
7.111844000000000051e+03 3.783299999999999857e-02
7.111949999999999818e+03 4.097164999999999835e-02
7.112052000000000589e+03 4.943223000000000061e-02
7.112159999999999854e+03 5.058507999999999755e-02
7.112262000000000626e+03 5.589800999999999798e-02
7.112363000000000284e+03 6.013268000000000085e-02
7.112466999999999643e+03 6.346469999999999889e-02
7.112565999999999804e+03 6.597859999999999836e-02
7.112672999999999774e+03 6.684339999999999726e-02
7.112771999999999935e+03 7.025315999999999506e-02
7.112864999999999782e+03 6.820698999999999512e-02
7.112961000000000240e+03 6.738727999999999385e-02
7.113052999999999884e+03 6.693190000000000250e-02
7.113154999999999745e+03 6.569534999999999958e-02
7.113255000000000109e+03 6.463481000000000087e-02
7.113353000000000065e+03 6.087731999999999866e-02
7.113451999999999316e+03 6.312054000000000276e-02
7.113545000000000073e+03 5.865220000000000156e-02
7.113645000000000437e+03 5.863974999999999743e-02
7.113740999999999985e+03 5.900456999999999924e-02
7.113840000000000146e+03 5.845850999999999825e-02
7.113944000000000415e+03 6.013381000000000282e-02
7.114046000000000276e+03 5.789282999999999929e-02
7.114150999999999840e+03 6.113350000000000034e-02
7.114250000000000000e+03 5.987959999999999811e-02
7.114350000000000364e+03 6.008288999999999991e-02
7.114453000000000429e+03 6.076667000000000179e-02
7.114554000000000087e+03 6.177578000000000236e-02
7.114657000000000153e+03 6.250265000000000681e-02
7.114752000000000407e+03 5.791236000000000300e-02
7.114846999999999753e+03 6.175724999999999965e-02
7.114943000000000211e+03 5.746317000000000091e-02
7.115036000000000058e+03 5.749405999999999961e-02
7.115135999999999513e+03 5.748132000000000241e-02
7.115235000000000582e+03 5.667127999999999749e-02
7.115337000000000444e+03 5.982127000000000278e-02
7.115439000000000306e+03 5.529040999999999817e-02
7.115533000000000357e+03 5.969416000000000305e-02
7.115631999999999607e+03 5.956412999999999985e-02
7.115729000000000269e+03 6.012188999999999728e-02
7.115833000000000538e+03 6.161795999999999940e-02
7.115939000000000306e+03 6.700544999999999418e-02
7.116041000000000167e+03 7.045827000000000340e-02
7.116149000000000342e+03 7.291274000000000366e-02
7.116248999999999796e+03 8.247047999999999879e-02
7.116353000000000065e+03 8.297746999999999762e-02
7.116457999999999629e+03 9.112876000000000309e-02
7.116558999999999287e+03 9.454363999999999824e-02
7.116662999999999556e+03 1.019724000000000047e-01
7.116762999999999920e+03 1.087130000000000041e-01
7.116859999999999673e+03 1.176023000000000068e-01
7.116957000000000335e+03 1.287716999999999890e-01
7.117052999999999884e+03 1.362770000000000092e-01
7.117157000000000153e+03 1.477632000000000112e-01
7.117257000000000517e+03 1.590781000000000001e-01
7.117359999999999673e+03 1.710779000000000050e-01
7.117460000000000036e+03 1.803369999999999973e-01
7.117556000000000495e+03 1.910694000000000004e-01
7.117657999999999447e+03 2.063927000000000123e-01
7.117757999999999811e+03 2.161138999999999977e-01
7.117862000000000080e+03 2.282456999999999958e-01
7.117966000000000349e+03 2.454747999999999930e-01
7.118067000000000007e+03 2.617462999999999873e-01
7.118173999999999978e+03 2.794031000000000153e-01
7.118273000000000138e+03 2.943014999999999937e-01
7.118373999999999796e+03 3.177871999999999919e-01
7.118475000000000364e+03 3.386610999999999927e-01
7.118572999999999411e+03 3.627014000000000071e-01
7.118674999999999272e+03 3.936218000000000217e-01
7.118769999999999527e+03 4.172015000000000029e-01
7.118864000000000487e+03 4.379518000000000022e-01
7.118957000000000335e+03 4.642303999999999875e-01
7.119049999999999272e+03 4.896118999999999888e-01
7.119152000000000044e+03 5.092877000000000098e-01
7.119250000000000000e+03 5.224130000000000162e-01
7.119349000000000160e+03 5.447794000000000247e-01
7.119444999999999709e+03 5.568033999999999484e-01
7.119539999999999964e+03 5.671703000000000161e-01
7.119640999999999622e+03 5.730176000000000158e-01
7.119738000000000284e+03 5.838440000000000296e-01
7.119840000000000146e+03 5.881937000000000415e-01
7.119945000000000618e+03 5.981254000000000293e-01
7.120046000000000276e+03 6.034211000000000436e-01
7.120148999999999432e+03 6.122676000000000229e-01
7.120246000000000095e+03 6.188903000000000043e-01
7.120347999999999956e+03 6.262294999999999945e-01
7.120449999999999818e+03 6.368726999999999583e-01
7.120548999999999978e+03 6.422181999999999613e-01
7.120650999999999840e+03 6.562812999999999564e-01
7.120744999999999891e+03 6.595035000000000203e-01
7.120841000000000349e+03 6.739433999999999703e-01
7.120938000000000102e+03 6.799771999999999483e-01
7.121031999999999243e+03 6.846246000000000276e-01
7.121135000000000218e+03 6.955048000000000341e-01
7.121231999999999971e+03 7.005818000000000323e-01
7.121331999999999425e+03 7.085877999999999899e-01
7.121432999999999993e+03 7.157339000000000340e-01
7.121528999999999542e+03 7.200607999999999453e-01
7.121629000000000815e+03 7.294728999999999797e-01
7.121730000000000473e+03 7.307835000000000303e-01
7.121835000000000036e+03 7.435222000000000220e-01
7.121940999999999804e+03 7.468067000000000455e-01
7.122042999999999665e+03 7.514047000000000365e-01
7.122149000000000342e+03 7.581858000000000208e-01
7.122252999999999702e+03 7.648787999999999698e-01
7.122356999999999971e+03 7.743965000000000432e-01
7.122460000000000036e+03 7.745935000000000459e-01
7.122560000000000400e+03 7.852633999999999448e-01
7.122662000000000262e+03 7.897575999999999485e-01
7.122757999999999811e+03 7.955084999999999518e-01
7.122854000000000269e+03 8.037956000000000545e-01
7.122951000000000022e+03 8.157828999999999775e-01
7.123047999999999774e+03 8.209265999999999508e-01
7.123153000000000247e+03 8.258284999999999654e-01
7.123251999999999498e+03 8.368474999999999664e-01
7.123351000000000568e+03 8.414711000000000274e-01
7.123447999999999411e+03 8.549993999999999650e-01
7.123543999999999869e+03 8.584330000000000016e-01
7.123649000000000342e+03 8.725412999999999641e-01
7.123748999999999796e+03 8.795878999999999781e-01
7.123851000000000568e+03 8.802988999999999953e-01
7.123954000000000633e+03 8.977030999999999761e-01
7.124051999999999680e+03 8.985305999999999571e-01
7.124157000000000153e+03 9.108675999999999995e-01
7.124256999999999607e+03 9.193620999999999599e-01
7.124358000000000175e+03 9.259570000000000300e-01
7.124460000000000036e+03 9.365963000000000482e-01
7.124556000000000495e+03 9.403907000000000238e-01
7.124655999999999949e+03 9.530220999999999831e-01
7.124748000000000502e+03 9.610514999999999475e-01
7.124842999999999847e+03 9.681921999999999473e-01
7.124939000000000306e+03 9.721391999999999811e-01
7.125034000000000560e+03 9.838746000000000436e-01
7.125136999999999716e+03 9.896184999999999565e-01
7.125234999999999673e+03 9.943184000000000466e-01
7.125332000000000335e+03 1.006890999999999980e+00
7.125430999999999585e+03 1.010766999999999971e+00
7.125525999999999840e+03 1.011938999999999922e+00
7.125625999999999294e+03 1.017581999999999987e+00
7.125725000000000364e+03 1.026189000000000018e+00
7.125829000000000633e+03 1.028591000000000033e+00
7.125932999999999993e+03 1.037123999999999935e+00
7.126032000000000153e+03 1.040977000000000041e+00
7.126135999999999513e+03 1.044289000000000023e+00
7.126234000000000378e+03 1.051749000000000045e+00
7.126337999999999738e+03 1.055133000000000099e+00
7.126443000000000211e+03 1.057301999999999964e+00
7.126538999999999760e+03 1.060178999999999983e+00
7.126640000000000327e+03 1.066969000000000056e+00
7.126733000000000175e+03 1.070298999999999889e+00
7.126827999999999520e+03 1.069749999999999979e+00
7.126927000000000589e+03 1.075776999999999983e+00
7.127025999999999840e+03 1.078905000000000003e+00
7.127130000000000109e+03 1.079196999999999962e+00
7.127231999999999971e+03 1.078203000000000022e+00
7.127332000000000335e+03 1.087315999999999949e+00
7.127430999999999585e+03 1.086935999999999902e+00
7.127525999999999840e+03 1.092063000000000006e+00
7.127631000000000313e+03 1.091558000000000028e+00
7.127735000000000582e+03 1.099191999999999947e+00
7.127841000000000349e+03 1.100363999999999898e+00
7.127947000000000116e+03 1.103158000000000083e+00
7.128047999999999774e+03 1.104630000000000001e+00
7.128154000000000451e+03 1.108554000000000039e+00
7.128253999999999905e+03 1.111661999999999928e+00
7.128358999999999469e+03 1.110449000000000019e+00
7.128462999999999738e+03 1.113709999999999978e+00
7.128561999999999898e+03 1.116595000000000004e+00
7.128663000000000466e+03 1.121722000000000108e+00
7.128757000000000517e+03 1.122619999999999951e+00
7.128851999999999862e+03 1.122938999999999909e+00
7.128949999999999818e+03 1.123898000000000064e+00
7.129045999999999367e+03 1.127094000000000040e+00
7.129152999999999338e+03 1.132309999999999928e+00
7.129252000000000407e+03 1.134406000000000025e+00
7.129349000000000160e+03 1.132495000000000029e+00
7.129444999999999709e+03 1.134354000000000084e+00
7.129539000000000669e+03 1.139583999999999930e+00
7.129643000000000029e+03 1.136665999999999954e+00
7.129744999999999891e+03 1.136600999999999972e+00
7.129846999999999753e+03 1.140854999999999952e+00
7.129949999999999818e+03 1.146760999999999919e+00
7.130048000000000684e+03 1.140452000000000021e+00
7.130150000000000546e+03 1.141537000000000024e+00
7.130248999999999796e+03 1.147402999999999951e+00
7.130350000000000364e+03 1.143130999999999897e+00
7.130452000000000226e+03 1.143351000000000006e+00
7.130548999999999978e+03 1.144638000000000044e+00
7.130649000000000342e+03 1.145264000000000060e+00
7.130741999999999280e+03 1.144173000000000107e+00
7.130835000000000036e+03 1.150945000000000107e+00
7.130932999999999993e+03 1.147472000000000047e+00
7.131030999999999949e+03 1.146058999999999939e+00
7.131134000000000015e+03 1.151183000000000067e+00
7.131230000000000473e+03 1.149650000000000061e+00
7.131327999999999520e+03 1.151529999999999943e+00
7.131427999999999884e+03 1.150746000000000047e+00
7.131521000000000640e+03 1.149882000000000071e+00
7.131623000000000502e+03 1.148587999999999942e+00
7.131722999999999956e+03 1.149250000000000105e+00
7.131829999999999927e+03 1.151828999999999992e+00
7.131936999999999898e+03 1.145780000000000021e+00
7.132034999999999854e+03 1.147834999999999939e+00
7.132137999999999920e+03 1.146579000000000015e+00
7.132237000000000080e+03 1.145626000000000033e+00
7.132338999999999942e+03 1.146387000000000045e+00
7.132443999999999505e+03 1.145361000000000073e+00
7.132542000000000371e+03 1.147537000000000029e+00
7.132641999999999825e+03 1.146566999999999892e+00
7.132737000000000080e+03 1.147008000000000028e+00
7.132832999999999629e+03 1.143893000000000049e+00
7.132933999999999287e+03 1.139259000000000022e+00
7.133029999999999745e+03 1.143580999999999959e+00
7.133135000000000218e+03 1.140940000000000065e+00
7.133237000000000080e+03 1.137086999999999959e+00
7.133337000000000444e+03 1.135202000000000044e+00
7.133436999999999898e+03 1.134422000000000041e+00
7.133532000000000153e+03 1.134447999999999901e+00
7.133635000000000218e+03 1.134927000000000019e+00
7.133738000000000284e+03 1.137683999999999918e+00
7.133844000000000051e+03 1.134406000000000025e+00
7.133949000000000524e+03 1.132716000000000056e+00
7.134048999999999978e+03 1.133181999999999912e+00
7.134154999999999745e+03 1.133194000000000035e+00
7.134255999999999403e+03 1.126355999999999913e+00
7.134355000000000473e+03 1.127993000000000023e+00
7.134458999999999833e+03 1.128563999999999901e+00
7.134554999999999382e+03 1.123617000000000088e+00
7.134655999999999949e+03 1.122851999999999961e+00
7.134750999999999294e+03 1.121563000000000088e+00
7.134844000000000051e+03 1.124810000000000088e+00
7.134943000000000211e+03 1.122014999999999985e+00
7.135036999999999352e+03 1.118768999999999902e+00
7.135140999999999622e+03 1.116363999999999912e+00
7.135240999999999985e+03 1.116840999999999973e+00
7.135335999999999331e+03 1.116980000000000084e+00
7.135434000000000196e+03 1.115855000000000041e+00
7.135527000000000044e+03 1.116000000000000103e+00
7.135628999999999905e+03 1.110373000000000054e+00
7.135729999999999563e+03 1.113949000000000078e+00
7.135829999999999927e+03 1.110559000000000074e+00
7.135932999999999993e+03 1.112746000000000013e+00
7.136033000000000357e+03 1.111853999999999898e+00
7.136136999999999716e+03 1.106551000000000062e+00
7.136237999999999374e+03 1.105814000000000075e+00
7.136335000000000036e+03 1.105496999999999952e+00
7.136438000000000102e+03 1.104732000000000047e+00
7.136534999999999854e+03 1.100932000000000022e+00
7.136631999999999607e+03 1.103928999999999938e+00
7.136726000000000568e+03 1.101407000000000025e+00
7.136819000000000415e+03 1.102244999999999919e+00
7.136918999999999869e+03 1.100398999999999905e+00
7.137014000000000124e+03 1.100711999999999913e+00
7.137115999999999985e+03 1.094597999999999960e+00
7.137215999999999440e+03 1.102036000000000016e+00
7.137311000000000604e+03 1.096168999999999949e+00
7.137412000000000262e+03 1.096036000000000010e+00
7.137508000000000720e+03 1.092117000000000004e+00
7.137608000000000175e+03 1.093283000000000005e+00
7.137711999999999534e+03 1.093304000000000054e+00
7.137813999999999396e+03 1.089212000000000069e+00
7.137918999999999869e+03 1.089337000000000000e+00
7.138020000000000437e+03 1.092629999999999990e+00
7.138124000000000706e+03 1.093005999999999922e+00
7.138229000000000269e+03 1.088872999999999980e+00
7.138329999999999927e+03 1.088762000000000008e+00
7.138435000000000400e+03 1.087016999999999900e+00
7.138533999999999651e+03 1.089402999999999899e+00
7.138632000000000517e+03 1.084642000000000106e+00
7.138730999999999767e+03 1.085990999999999929e+00
7.138827000000000226e+03 1.086009000000000002e+00
7.138930000000000291e+03 1.081439000000000039e+00
7.139027999999999338e+03 1.085291999999999923e+00
7.139128000000000611e+03 1.078143999999999991e+00
7.139229000000000269e+03 1.076308000000000042e+00
7.139327999999999520e+03 1.076049000000000033e+00
7.139429000000000087e+03 1.076970999999999901e+00
7.139527000000000044e+03 1.078537000000000079e+00
7.139628999999999905e+03 1.072759999999999936e+00
7.139734999999999673e+03 1.078084999999999960e+00
7.139837999999999738e+03 1.076472000000000095e+00
7.139942999999999302e+03 1.077182000000000084e+00
7.140039999999999964e+03 1.073528999999999956e+00
7.140145999999999731e+03 1.073285000000000045e+00
7.140252000000000407e+03 1.074759999999999938e+00
7.140349999999999454e+03 1.071736000000000022e+00
7.140452999999999520e+03 1.071509999999999962e+00
7.140545999999999367e+03 1.071681000000000106e+00
7.140643000000000029e+03 1.067029999999999923e+00
7.140739999999999782e+03 1.068951999999999902e+00
7.140832999999999629e+03 1.065733000000000041e+00
7.140932000000000698e+03 1.067045000000000021e+00
7.141028999999999542e+03 1.060697999999999919e+00
7.141127999999999702e+03 1.066373999999999933e+00
7.141228000000000065e+03 1.061731999999999898e+00
7.141322000000000116e+03 1.062146000000000035e+00
7.141420000000000073e+03 1.061959000000000097e+00
7.141516000000000531e+03 1.060429999999999984e+00
7.141618000000000393e+03 1.058478999999999948e+00
7.141724000000000160e+03 1.057520999999999933e+00
7.141822999999999411e+03 1.061096999999999957e+00
7.141926999999999680e+03 1.060894999999999921e+00
7.142027000000000044e+03 1.061269000000000018e+00
7.142127999999999702e+03 1.059522000000000075e+00
7.142229999999999563e+03 1.055129999999999901e+00
7.142328999999999724e+03 1.058626999999999985e+00
7.142433999999999287e+03 1.047933000000000003e+00
7.142529999999999745e+03 1.053949999999999942e+00
7.142623000000000502e+03 1.052364000000000077e+00
7.142719999999999345e+03 1.049350999999999923e+00
7.142813000000000102e+03 1.050535999999999914e+00
7.142914999999999964e+03 1.048769999999999980e+00
7.143015000000000327e+03 1.046238000000000001e+00
7.143113999999999578e+03 1.043495000000000061e+00
7.143214999999999236e+03 1.047720999999999902e+00
7.143309999999999491e+03 1.043401000000000023e+00
7.143409999999999854e+03 1.040056000000000092e+00
7.143507999999999811e+03 1.043641000000000041e+00
7.143608999999999469e+03 1.039971999999999897e+00
7.143717999999999847e+03 1.040059999999999985e+00
7.143820999999999913e+03 1.040030999999999928e+00
7.143929000000000087e+03 1.038006999999999902e+00
7.144028999999999542e+03 1.036656999999999940e+00
7.144129000000000815e+03 1.036882999999999999e+00
7.144237999999999374e+03 1.034686999999999912e+00
7.144340000000000146e+03 1.030607000000000051e+00
7.144444999999999709e+03 1.033352000000000048e+00
7.144545000000000073e+03 1.034840999999999900e+00
7.144640000000000327e+03 1.031361999999999890e+00
7.144737000000000080e+03 1.031549999999999967e+00
7.144833000000000538e+03 1.024661999999999962e+00
7.144935000000000400e+03 1.026569999999999983e+00
7.145036000000000058e+03 1.024451999999999918e+00
7.145135999999999513e+03 1.023493999999999904e+00
7.145240000000000691e+03 1.019719999999999960e+00
7.145335000000000036e+03 1.017675000000000107e+00
7.145434000000000196e+03 1.017509999999999915e+00
7.145530999999999949e+03 1.022119000000000000e+00
7.145632999999999811e+03 1.020232000000000028e+00
7.145742000000000189e+03 1.016372999999999971e+00
7.145844000000000051e+03 1.010221999999999953e+00
7.145945999999999913e+03 1.009660999999999920e+00
7.146043999999999869e+03 1.011185000000000000e+00
7.146141999999999825e+03 1.009133999999999975e+00
7.146247999999999593e+03 1.007765999999999940e+00
7.146346999999999753e+03 1.005697000000000063e+00
7.146447000000000116e+03 1.008723999999999954e+00
7.146543000000000575e+03 1.006253999999999982e+00
7.146636000000000422e+03 1.001055999999999946e+00
7.146733000000000175e+03 1.003652999999999906e+00
7.146823999999999614e+03 9.954319999999999835e-01
7.146921000000000276e+03 1.001033000000000062e+00
7.147021999999999935e+03 9.988143000000000438e-01
7.147121000000000095e+03 9.948166000000000508e-01
7.147222999999999956e+03 9.952345999999999693e-01
7.147319000000000415e+03 9.969692999999999472e-01
7.147414000000000669e+03 9.934638000000000080e-01
7.147511999999999716e+03 9.937998999999999583e-01
7.147611000000000786e+03 9.927405999999999731e-01
7.147716000000000349e+03 9.868217999999999712e-01
7.147818000000000211e+03 9.894281000000000326e-01
7.147918999999999869e+03 9.913429999999999742e-01
7.148020999999999731e+03 9.861796000000000451e-01
7.148118000000000393e+03 9.812119000000000257e-01
7.148222999999999956e+03 9.858664000000000316e-01
7.148320999999999913e+03 9.882187000000000054e-01
7.148422000000000480e+03 9.798675999999999497e-01
7.148525000000000546e+03 9.809601000000000015e-01
7.148617000000000189e+03 9.786540000000000239e-01
7.148715000000000146e+03 9.763481000000000520e-01
7.148809000000000196e+03 9.778259999999999730e-01
7.148904999999999745e+03 9.761746000000000034e-01
7.149007999999999811e+03 9.736890999999999741e-01
7.149108000000000175e+03 9.736460000000000115e-01
7.149211000000000240e+03 9.688742999999999661e-01
7.149308999999999287e+03 9.689518999999999771e-01
7.149405999999999949e+03 9.720301999999999554e-01
7.149507999999999811e+03 9.648037000000000418e-01
7.149606999999999971e+03 9.679894999999999472e-01
7.149713999999999942e+03 9.626953999999999789e-01
7.149820999999999913e+03 9.644827000000000261e-01
7.149924999999999272e+03 9.637978000000000378e-01
7.150030999999999949e+03 9.639164999999999539e-01
7.150130000000000109e+03 9.610125999999999946e-01
7.150234000000000378e+03 9.576308000000000042e-01
7.150337000000000444e+03 9.584084000000000492e-01
7.150438000000000102e+03 9.592017000000000460e-01
7.150539999999999964e+03 9.535196000000000227e-01
7.150634000000000015e+03 9.535989000000000271e-01
7.150731999999999971e+03 9.544601000000000335e-01
7.150827999999999520e+03 9.515293000000000223e-01
7.150926000000000386e+03 9.527544000000000013e-01
7.151028000000000247e+03 9.500302999999999942e-01
7.151125000000000000e+03 9.485523999999999623e-01
7.151228000000000065e+03 9.484848000000000168e-01
7.151328999999999724e+03 9.490347000000000088e-01
7.151421000000000276e+03 9.473051000000000110e-01
7.151521999999999935e+03 9.429250999999999605e-01
7.151619000000000597e+03 9.450503000000000098e-01
7.151722999999999956e+03 9.433049999999999491e-01
7.151829999999999927e+03 9.433272999999999797e-01
7.151927999999999884e+03 9.410460999999999965e-01
7.152030999999999949e+03 9.432428000000000479e-01
7.152128000000000611e+03 9.395461999999999980e-01
7.152229000000000269e+03 9.391002999999999989e-01
7.152332000000000335e+03 9.399245999999999990e-01
7.152429000000000087e+03 9.379998999999999976e-01
7.152527000000000044e+03 9.383002999999999760e-01
7.152621000000000095e+03 9.397955000000000059e-01
7.152717999999999847e+03 9.366041000000000505e-01
7.152815000000000509e+03 9.325565999999999578e-01
7.152908000000000357e+03 9.363747000000000043e-01
7.153010000000000218e+03 9.365966999999999487e-01
7.153109999999999673e+03 9.348258000000000401e-01
7.153208000000000538e+03 9.345575999999999883e-01
7.153305999999999585e+03 9.317202999999999458e-01
7.153400000000000546e+03 9.339043999999999679e-01
7.153501999999999498e+03 9.330163000000000206e-01
7.153600000000000364e+03 9.276026000000000549e-01
7.153699999999999818e+03 9.314719999999999667e-01
7.153806000000000495e+03 9.298771000000000120e-01
7.153904999999999745e+03 9.280300999999999689e-01
7.154010999999999513e+03 9.241827999999999710e-01
7.154112999999999374e+03 9.265640000000000542e-01
7.154212000000000444e+03 9.264115000000000544e-01
7.154317000000000007e+03 9.272690999999999573e-01
7.154416000000000167e+03 9.266484000000000387e-01
7.154516000000000531e+03 9.233052999999999955e-01
7.154613000000000284e+03 9.218159000000000214e-01
7.154709000000000742e+03 9.233506999999999687e-01
7.154809000000000196e+03 9.261418999999999624e-01
7.154906999999999243e+03 9.240975999999999635e-01
7.155010000000000218e+03 9.246931000000000456e-01
7.155110999999999876e+03 9.195573000000000219e-01
7.155210000000000036e+03 9.228693000000000035e-01
7.155311999999999898e+03 9.222034000000000065e-01
7.155409999999999854e+03 9.223280000000000367e-01
7.155515000000000327e+03 9.212846999999999564e-01
7.155614999999999782e+03 9.233620999999999635e-01
7.155717000000000553e+03 9.190496999999999694e-01
7.155826000000000022e+03 9.187804000000000526e-01
7.155927999999999884e+03 9.181603000000000403e-01
7.156032000000000153e+03 9.213474000000000386e-01
7.156134000000000015e+03 9.158880000000000354e-01
7.156235999999999876e+03 9.217248999999999581e-01
7.156344000000000051e+03 9.190304999999999724e-01
7.156443999999999505e+03 9.181559000000000248e-01
7.156542000000000371e+03 9.142209000000000030e-01
7.156636999999999716e+03 9.154297000000000128e-01
7.156731999999999971e+03 9.193101000000000189e-01
7.156833999999999833e+03 9.183618000000000059e-01
7.156932000000000698e+03 9.155725999999999587e-01
7.157030999999999949e+03 9.133308999999999456e-01
7.157130000000000109e+03 9.142221999999999849e-01
7.157225999999999658e+03 9.153854999999999631e-01
7.157327000000000226e+03 9.159292999999999463e-01
7.157423999999999978e+03 9.167092999999999492e-01
7.157521999999999935e+03 9.132084999999999786e-01
7.157621000000000095e+03 9.141755999999999771e-01
7.157721999999999753e+03 9.154854999999999521e-01
7.157827000000000226e+03 9.104571000000000192e-01
7.157926999999999680e+03 9.136193999999999704e-01
7.158025000000000546e+03 9.176822000000000035e-01
7.158127000000000407e+03 9.142234999999999667e-01
7.158228000000000065e+03 9.138684000000000252e-01
7.158333999999999833e+03 9.110228999999999688e-01
7.158432000000000698e+03 9.175948999999999911e-01
7.158529999999999745e+03 9.101468000000000336e-01
7.158628000000000611e+03 9.112976999999999883e-01
7.158720999999999549e+03 9.133358999999999783e-01
7.158820000000000618e+03 9.140160999999999980e-01
7.158914999999999964e+03 9.106961999999999557e-01
7.159015000000000327e+03 9.119188999999999767e-01
7.159118000000000393e+03 9.123320999999999792e-01
7.159213000000000648e+03 9.138013000000000385e-01
7.159311999999999898e+03 9.105961000000000194e-01
7.159408000000000357e+03 9.151409999999999823e-01
7.159505000000000109e+03 9.148623999999999645e-01
7.159610999999999876e+03 9.112601999999999647e-01
7.159711999999999534e+03 9.150253000000000414e-01
7.159817999999999302e+03 9.111966000000000232e-01
7.159920999999999367e+03 9.133143999999999707e-01
7.160018000000000029e+03 9.150625999999999483e-01
7.160123999999999796e+03 9.151086999999999971e-01
7.160224999999999454e+03 9.162835000000000285e-01
7.160329999999999927e+03 9.092651000000000483e-01
7.160432999999999993e+03 9.151892000000000360e-01
7.160532000000000153e+03 9.110622999999999916e-01
7.160631999999999607e+03 9.146503999999999746e-01
7.160726000000000568e+03 9.140154999999999808e-01
7.160823999999999614e+03 9.175579000000000374e-01
7.160925000000000182e+03 9.123869999999999481e-01
7.161025999999999840e+03 9.161177000000000348e-01
7.161131000000000313e+03 9.122713000000000072e-01
7.161228999999999360e+03 9.118287000000000475e-01
7.161326000000000022e+03 9.091230000000000144e-01
7.161425999999999476e+03 9.128773000000000026e-01
7.161524000000000342e+03 9.172702999999999829e-01
7.161630000000000109e+03 9.155109000000000163e-01
7.161733000000000175e+03 9.100331999999999866e-01
7.161837000000000444e+03 9.164339999999999709e-01
7.161943000000000211e+03 9.138051000000000368e-01
7.162041999999999462e+03 9.116379999999999484e-01
7.162145999999999731e+03 9.140116999999999825e-01
7.162244000000000597e+03 9.148616999999999999e-01
7.162349000000000160e+03 9.156417000000000028e-01
7.162454999999999927e+03 9.164706999999999715e-01
7.162550000000000182e+03 9.149258000000000113e-01
7.162646999999999935e+03 9.188981000000000510e-01
7.162739000000000487e+03 9.181371999999999867e-01
7.162832999999999629e+03 9.166634000000000171e-01
7.162935000000000400e+03 9.179287999999999892e-01
7.163032000000000153e+03 9.198648000000000380e-01
7.163132999999999811e+03 9.144206000000000278e-01
7.163230000000000473e+03 9.199281000000000263e-01
7.163325000000000728e+03 9.181561000000000305e-01
7.163423999999999978e+03 9.188602000000000158e-01
7.163518000000000029e+03 9.164006999999999570e-01
7.163617999999999483e+03 9.221582999999999863e-01
7.163719999999999345e+03 9.202097000000000193e-01
7.163822000000000116e+03 9.170861000000000152e-01
7.163927999999999884e+03 9.191960000000000131e-01
7.164028000000000247e+03 9.212238000000000371e-01
7.164128999999999905e+03 9.201740999999999948e-01
7.164229999999999563e+03 9.212211999999999623e-01
7.164331000000000131e+03 9.189593999999999818e-01
7.164435000000000400e+03 9.202179000000000331e-01
7.164532000000000153e+03 9.214839000000000224e-01
7.164628999999999905e+03 9.238245000000000484e-01
7.164723999999999251e+03 9.248731999999999509e-01
7.164815999999999804e+03 9.255797000000000052e-01
7.164916000000000167e+03 9.218454000000000370e-01
7.165011999999999716e+03 9.269444999999999490e-01
7.165114999999999782e+03 9.230215999999999976e-01
7.165218000000000757e+03 9.241599999999999815e-01
7.165314000000000306e+03 9.250064000000000064e-01
7.165413000000000466e+03 9.205181999999999531e-01
7.165509000000000015e+03 9.196940999999999589e-01
7.165608000000000175e+03 9.226860000000000062e-01
7.165714999999999236e+03 9.234877000000000224e-01
7.165818000000000211e+03 9.270502999999999938e-01
7.165925999999999476e+03 9.250395000000000145e-01
7.166028999999999542e+03 9.291165999999999592e-01
7.166128999999999905e+03 9.290720000000000089e-01
7.166235000000000582e+03 9.280794999999999462e-01
7.166336000000000240e+03 9.291814999999999936e-01
7.166443000000000211e+03 9.279296999999999684e-01
7.166545000000000073e+03 9.283713000000000104e-01
7.166642000000000735e+03 9.270275999999999517e-01
7.166740999999999985e+03 9.296052999999999678e-01
7.166835000000000036e+03 9.314217000000000191e-01
7.166934999999999491e+03 9.298908999999999647e-01
7.167036000000000058e+03 9.317020999999999775e-01
7.167137999999999920e+03 9.316037999999999819e-01
7.167242000000000189e+03 9.307311999999999808e-01
7.167338999999999942e+03 9.318429999999999769e-01
7.167439999999999600e+03 9.326121000000000549e-01
7.167538999999999760e+03 9.341658000000000461e-01
7.167637999999999920e+03 9.359387000000000123e-01
7.167744999999999891e+03 9.336073999999999762e-01
7.167845999999999549e+03 9.372540000000000315e-01
7.167951999999999316e+03 9.320083999999999591e-01
7.168056999999999789e+03 9.324691999999999981e-01
7.168154000000000451e+03 9.393548000000000453e-01
7.168259000000000015e+03 9.377256999999999953e-01
7.168356999999999971e+03 9.388155999999999723e-01
7.168459000000000742e+03 9.383409999999999807e-01
7.168561000000000604e+03 9.434495000000000520e-01
7.168655000000000655e+03 9.372456000000000120e-01
7.168751999999999498e+03 9.352517000000000191e-01
7.168842999999999847e+03 9.417522999999999866e-01
7.168940000000000509e+03 9.424637000000000153e-01
7.169039999999999964e+03 9.445183999999999802e-01
7.169135999999999513e+03 9.398640999999999801e-01
7.169238000000000284e+03 9.464048999999999934e-01
7.169335000000000036e+03 9.437699000000000504e-01
7.169431000000000495e+03 9.391365000000000407e-01
7.169530999999999949e+03 9.426016999999999868e-01
7.169628000000000611e+03 9.434839000000000420e-01
7.169733000000000175e+03 9.450971999999999706e-01
7.169837000000000444e+03 9.405326999999999993e-01
7.169936999999999898e+03 9.499929999999999763e-01
7.170041999999999462e+03 9.476746000000000336e-01
7.170140000000000327e+03 9.472644000000000064e-01
7.170244000000000597e+03 9.439969000000000277e-01
7.170344000000000051e+03 9.486413000000000206e-01
7.170442999999999302e+03 9.496261999999999759e-01
7.170546000000000276e+03 9.417706000000000133e-01
7.170639999999999418e+03 9.534780999999999951e-01
7.170738000000000284e+03 9.483122000000000495e-01
7.170836999999999534e+03 9.547124000000000166e-01
7.170931999999999789e+03 9.525462000000000096e-01
7.171033999999999651e+03 9.555776999999999743e-01
7.171131999999999607e+03 9.545900000000000496e-01
7.171233000000000175e+03 9.576656000000000057e-01
7.171335000000000036e+03 9.622737000000000096e-01
7.171431000000000495e+03 9.547018999999999922e-01
7.171534000000000560e+03 9.599723999999999480e-01
7.171634000000000015e+03 9.583928000000000447e-01
7.171739999999999782e+03 9.624319999999999542e-01
7.171846000000000458e+03 9.617499000000000464e-01
7.171948000000000320e+03 9.637820000000000276e-01
7.172055000000000291e+03 9.628558999999999868e-01
7.172158999999999651e+03 9.642241000000000284e-01
7.172261999999999716e+03 9.699075000000000335e-01
7.172367000000000189e+03 9.692555000000000476e-01
7.172467999999999847e+03 9.671838000000000379e-01
7.172570999999999913e+03 9.671423999999999577e-01
7.172668999999999869e+03 9.657506000000000146e-01
7.172766000000000531e+03 9.687392000000000225e-01
7.172865999999999985e+03 9.684789999999999788e-01
7.172962000000000444e+03 9.717717999999999634e-01
7.173066000000000713e+03 9.666190000000000060e-01
7.173167000000000371e+03 9.748191000000000495e-01
7.173265999999999622e+03 9.767959000000000502e-01
7.173367000000000189e+03 9.729065999999999548e-01
7.173461999999999534e+03 9.709124999999999561e-01
7.173564999999999600e+03 9.709381999999999735e-01
7.173667000000000371e+03 9.709088999999999636e-01
7.173766999999999825e+03 9.806411999999999907e-01
7.173872000000000298e+03 9.793226999999999904e-01
7.173971999999999753e+03 9.793041999999999581e-01
7.174074999999999818e+03 9.788308000000000009e-01
7.174178000000000793e+03 9.799487000000000059e-01
7.174275999999999840e+03 9.768708999999999865e-01
7.174380000000000109e+03 9.782237000000000293e-01
7.174478000000000065e+03 9.779331999999999470e-01
7.174577000000000226e+03 9.802151999999999532e-01
7.174673000000000684e+03 9.835795999999999983e-01
7.174764999999999418e+03 9.782967999999999664e-01
7.174863000000000284e+03 9.828274000000000177e-01
7.174957000000000335e+03 9.820759000000000016e-01
7.175056999999999789e+03 9.830212000000000394e-01
7.175158999999999651e+03 9.820493999999999613e-01
7.175253999999999905e+03 9.850491000000000108e-01
7.175354999999999563e+03 9.894667999999999797e-01
7.175451000000000022e+03 9.824488999999999583e-01
7.175547999999999774e+03 9.850138000000000504e-01
7.175649999999999636e+03 9.843652000000000513e-01
7.175747999999999593e+03 9.883028000000000368e-01
7.175854000000000269e+03 9.873775000000000190e-01
7.175954999999999927e+03 9.855004000000000541e-01
7.176054000000000087e+03 9.896511999999999531e-01
7.176158000000000357e+03 9.879223999999999783e-01
7.176256000000000313e+03 9.955424999999999969e-01
7.176362000000000080e+03 9.855469999999999509e-01
7.176465000000000146e+03 9.903480999999999534e-01
7.176561999999999898e+03 9.874169000000000418e-01
7.176662999999999556e+03 9.860626999999999587e-01
7.176757000000000517e+03 9.900917999999999664e-01
7.176853000000000065e+03 9.904275999999999636e-01
7.176952000000000226e+03 9.920814000000000021e-01
7.177051999999999680e+03 9.882168999999999537e-01
7.177155999999999949e+03 9.888485000000000191e-01
7.177256999999999607e+03 9.941685999999999579e-01
7.177358000000000175e+03 9.928964999999999597e-01
7.177457999999999629e+03 9.918223000000000456e-01
7.177554000000000087e+03 9.933123000000000369e-01
7.177658000000000357e+03 9.923338999999999910e-01
7.177762000000000626e+03 9.910518999999999856e-01
7.177868000000000393e+03 9.960556000000000409e-01
7.177974000000000160e+03 9.976450999999999514e-01
7.178073999999999614e+03 9.995378999999999792e-01
7.178179000000000087e+03 9.951250000000000373e-01
7.178280999999999949e+03 9.940120000000000067e-01
7.178384000000000015e+03 9.980305999999999900e-01
7.178489999999999782e+03 9.971309000000000422e-01
7.178588999999999942e+03 9.980571999999999777e-01
7.178690999999999804e+03 9.951702000000000048e-01
7.178786000000000058e+03 9.962461999999999707e-01
7.178880999999999403e+03 9.973790000000000155e-01
7.178981999999999971e+03 9.951269000000000364e-01
7.179077000000000226e+03 1.003354999999999997e+00
7.179181999999999789e+03 1.000556000000000001e+00
7.179284999999999854e+03 9.995444999999999469e-01
7.179380000000000109e+03 9.967361999999999611e-01
7.179477999999999156e+03 1.002885999999999944e+00
7.179570999999999913e+03 1.002315999999999985e+00
7.179672000000000480e+03 9.997085999999999473e-01
7.179776000000000749e+03 1.005508999999999986e+00
7.179876000000000204e+03 1.001678999999999986e+00
7.179980999999999767e+03 1.004793000000000047e+00
7.180078999999999724e+03 1.004434000000000049e+00
7.180179000000000087e+03 1.006502000000000008e+00
7.180280999999999949e+03 1.004361999999999977e+00
7.180380000000000109e+03 1.004828000000000054e+00
7.180483999999999469e+03 1.009459000000000106e+00
7.180583999999999833e+03 1.002478999999999898e+00
7.180681999999999789e+03 1.002078000000000024e+00
7.180779000000000451e+03 1.004604999999999970e+00
7.180871000000000095e+03 1.007080999999999893e+00
7.180970000000000255e+03 1.005459000000000103e+00
7.181068000000000211e+03 9.998698999999999781e-01
7.181168000000000575e+03 1.010266000000000108e+00
7.181269999999999527e+03 1.009460000000000024e+00
7.181365999999999985e+03 1.005271000000000026e+00
7.181465000000000146e+03 1.004618000000000011e+00
7.181560000000000400e+03 1.010494999999999921e+00
7.181654999999999745e+03 1.012731000000000048e+00
7.181759999999999309e+03 1.008790999999999993e+00
7.181859000000000378e+03 1.009932999999999970e+00
7.181965000000000146e+03 1.011174000000000017e+00
7.182070000000000618e+03 1.012175000000000047e+00
7.182167999999999665e+03 1.011932000000000054e+00
7.182273000000000138e+03 1.010345999999999966e+00
7.182373000000000502e+03 1.012537999999999938e+00
7.182476000000000568e+03 1.011597999999999997e+00
7.182581000000000131e+03 1.013319999999999999e+00
7.182679000000000087e+03 1.009899000000000102e+00
7.182779999999999745e+03 1.011670999999999987e+00
7.182875000000000000e+03 1.011808999999999958e+00
7.182972000000000662e+03 1.013608999999999982e+00
7.183074000000000524e+03 1.016753999999999936e+00
7.183172999999999774e+03 1.014153000000000082e+00
7.183277999999999338e+03 1.014904000000000028e+00
7.183379000000000815e+03 1.013646000000000047e+00
7.183478000000000065e+03 1.016869999999999941e+00
7.183578999999999724e+03 1.015036999999999967e+00
7.183675000000000182e+03 1.017930000000000001e+00
7.183779000000000451e+03 1.015749000000000013e+00
7.183885000000000218e+03 1.012504999999999988e+00
7.183989999999999782e+03 1.022235999999999922e+00
7.184095000000000255e+03 1.017195000000000071e+00
7.184195999999999913e+03 1.015644999999999909e+00
7.184300000000000182e+03 1.012804000000000038e+00
7.184402999999999338e+03 1.014896999999999938e+00
7.184505000000000109e+03 1.021749999999999936e+00
7.184610000000000582e+03 1.020982999999999974e+00
7.184707000000000335e+03 1.019517999999999924e+00
7.184805000000000291e+03 1.013549000000000033e+00
7.184903000000000247e+03 1.016671000000000102e+00
7.184996000000000095e+03 1.019883000000000095e+00
7.185094999999999345e+03 1.014180999999999999e+00
7.185190999999999804e+03 1.017115999999999909e+00
7.185291999999999462e+03 1.020575999999999928e+00
7.185394999999999527e+03 1.018772999999999929e+00
7.185489999999999782e+03 1.019160999999999984e+00
7.185587999999999738e+03 1.019765000000000033e+00
7.185680999999999585e+03 1.024575000000000014e+00
7.185779000000000451e+03 1.021126999999999896e+00
7.185885000000000218e+03 1.018510999999999944e+00
7.185984999999999673e+03 1.020377000000000089e+00
7.186087999999999738e+03 1.022637999999999936e+00
7.186186999999999898e+03 1.018186999999999953e+00
7.186287000000000262e+03 1.021808999999999967e+00
7.186391000000000531e+03 1.019498999999999933e+00
7.186489999999999782e+03 1.020556000000000019e+00
7.186594000000000051e+03 1.025174000000000030e+00
7.186694000000000415e+03 1.022391000000000050e+00
7.186788999999999760e+03 1.021166999999999936e+00
7.186886999999999716e+03 1.021261999999999892e+00
7.186976999999999862e+03 1.019997000000000043e+00
7.187076000000000022e+03 1.018998999999999988e+00
7.187173999999999978e+03 1.023306000000000049e+00
7.187270999999999731e+03 1.025204999999999922e+00
7.187375000000000000e+03 1.026019999999999932e+00
7.187471000000000458e+03 1.026350000000000096e+00
7.187569999999999709e+03 1.024837999999999916e+00
7.187668000000000575e+03 1.019911999999999930e+00
7.187764999999999418e+03 1.023139999999999938e+00
7.187868999999999687e+03 1.028734999999999955e+00
7.187971000000000458e+03 1.024915000000000020e+00
7.188075000000000728e+03 1.022035999999999945e+00
7.188180000000000291e+03 1.025336000000000025e+00
7.188278000000000247e+03 1.021541999999999950e+00
7.188382999999999811e+03 1.029589000000000087e+00
7.188485999999999876e+03 1.026508999999999894e+00
7.188587000000000444e+03 1.027992999999999935e+00
7.188692000000000007e+03 1.026388000000000078e+00
7.188787999999999556e+03 1.025954000000000033e+00
7.188887000000000626e+03 1.025592999999999977e+00
7.188983999999999469e+03 1.025570000000000093e+00
7.189081000000000131e+03 1.026011000000000006e+00
7.189182999999999993e+03 1.026688000000000045e+00
7.189282000000000153e+03 1.029409999999999936e+00
7.189383000000000720e+03 1.023857000000000017e+00
7.189485000000000582e+03 1.024705999999999895e+00
7.189581999999999425e+03 1.027315999999999896e+00
7.189682000000000698e+03 1.024121999999999977e+00
7.189778999999999542e+03 1.026321000000000039e+00
7.189882999999999811e+03 1.024917999999999996e+00
7.189988999999999578e+03 1.024982000000000060e+00
7.190089999999999236e+03 1.024847000000000063e+00
7.190195999999999913e+03 1.028181000000000012e+00
7.190292999999999665e+03 1.029058999999999946e+00
7.190394000000000233e+03 1.020393000000000105e+00
7.190501000000000204e+03 1.027085000000000026e+00
7.190599000000000160e+03 1.027293000000000012e+00
7.190699999999999818e+03 1.028559000000000001e+00
7.190794000000000779e+03 1.028210999999999986e+00
7.190889000000000124e+03 1.024224999999999941e+00
7.190988000000000284e+03 1.035933999999999910e+00
7.191081999999999425e+03 1.028305999999999942e+00
7.191177999999999884e+03 1.026691999999999938e+00
7.191275999999999840e+03 1.026383999999999963e+00
7.191372999999999593e+03 1.028586000000000000e+00
7.191474999999999454e+03 1.031250999999999918e+00
7.191569000000000415e+03 1.026685000000000070e+00
7.191665999999999258e+03 1.029063999999999979e+00
7.191761999999999716e+03 1.027347999999999928e+00
7.191859000000000378e+03 1.028726000000000029e+00
7.191965000000000146e+03 1.027099999999999902e+00
7.192065999999999804e+03 1.028632999999999909e+00
7.192166000000000167e+03 1.027363000000000026e+00
7.192268000000000029e+03 1.022211999999999898e+00
7.192367000000000189e+03 1.029800000000000049e+00
7.192469000000000051e+03 1.025017000000000067e+00
7.192568999999999505e+03 1.029331999999999914e+00
7.192668000000000575e+03 1.030815000000000037e+00
7.192769000000000233e+03 1.029277999999999915e+00
7.192862000000000080e+03 1.029803999999999942e+00
7.192958999999999833e+03 1.024906000000000095e+00
7.193051999999999680e+03 1.030375999999999959e+00
7.193146999999999935e+03 1.029728999999999894e+00
7.193251000000000204e+03 1.028915000000000024e+00
7.193347999999999956e+03 1.031341000000000063e+00
7.193448000000000320e+03 1.030224999999999946e+00
7.193547999999999774e+03 1.028313000000000033e+00
7.193643000000000029e+03 1.025948000000000082e+00
7.193743999999999687e+03 1.024699999999999944e+00
7.193841000000000349e+03 1.029423999999999895e+00
7.193943000000000211e+03 1.027231999999999923e+00
7.194048999999999978e+03 1.025544000000000011e+00
7.194150999999999840e+03 1.029301000000000021e+00
7.194257999999999811e+03 1.028755000000000086e+00
7.194358000000000175e+03 1.026126000000000094e+00
7.194457999999999629e+03 1.028245999999999993e+00
7.194563999999999396e+03 1.024218000000000073e+00
7.194664999999999964e+03 1.027212999999999932e+00
7.194771000000000640e+03 1.027817999999999898e+00
7.194867999999999483e+03 1.023900999999999950e+00
7.194962000000000444e+03 1.024076999999999904e+00
7.195061999999999898e+03 1.031066000000000038e+00
7.195157000000000153e+03 1.026424999999999921e+00
7.195257999999999811e+03 1.026027999999999940e+00
7.195357999999999265e+03 1.030359999999999943e+00
7.195457000000000335e+03 1.027644999999999920e+00
7.195560999999999694e+03 1.025697000000000081e+00
7.195657000000000153e+03 1.025570000000000093e+00
7.195752999999999702e+03 1.023827999999999960e+00
7.195851000000000568e+03 1.031122000000000094e+00
7.195951000000000022e+03 1.023152999999999979e+00
7.196059000000000196e+03 1.026310999999999973e+00
7.196159999999999854e+03 1.024051000000000045e+00
7.196259999999999309e+03 1.026726999999999945e+00
7.196360999999999876e+03 1.025369999999999893e+00
7.196457999999999629e+03 1.025611000000000050e+00
7.196563000000000102e+03 1.026035000000000030e+00
7.196663999999999760e+03 1.025709999999999900e+00
7.196761000000000422e+03 1.026018000000000097e+00
7.196859999999999673e+03 1.025174000000000030e+00
7.196952999999999520e+03 1.024704999999999977e+00
7.197048999999999978e+03 1.027425000000000033e+00
7.197143999999999323e+03 1.025546999999999986e+00
7.197235999999999876e+03 1.025215999999999905e+00
7.197337000000000444e+03 1.022316999999999920e+00
7.197434000000000196e+03 1.029004999999999947e+00
7.197534999999999854e+03 1.025568999999999953e+00
7.197632999999999811e+03 1.024026000000000103e+00
7.197726000000000568e+03 1.029933999999999905e+00
7.197824999999999818e+03 1.026790000000000092e+00
7.197922000000000480e+03 1.021935000000000038e+00
7.198024000000000342e+03 1.025660000000000016e+00
7.198126000000000204e+03 1.024782000000000082e+00
7.198225999999999658e+03 1.022283999999999970e+00
7.198330999999999221e+03 1.025470000000000104e+00
7.198427999999999884e+03 1.025168999999999997e+00
7.198527000000000044e+03 1.021288999999999891e+00
7.198630999999999403e+03 1.023346000000000089e+00
7.198729000000000269e+03 1.025323999999999902e+00
7.198832000000000335e+03 1.022993000000000041e+00
7.198929999999999382e+03 1.017560999999999938e+00
7.199023000000000138e+03 1.024356999999999962e+00
7.199122000000000298e+03 1.025941999999999910e+00
7.199215000000000146e+03 1.020180000000000087e+00
7.199315999999999804e+03 1.026702999999999921e+00
7.199416000000000167e+03 1.020788000000000029e+00
7.199514000000000124e+03 1.024404000000000092e+00
7.199618000000000393e+03 1.027632000000000101e+00
7.199715000000000146e+03 1.025824999999999987e+00
7.199815000000000509e+03 1.025355000000000016e+00
7.199914999999999964e+03 1.018402000000000029e+00
7.200012999999999920e+03 1.026324999999999932e+00
7.200121000000000095e+03 1.016645000000000021e+00
7.200224999999999454e+03 1.024821999999999900e+00
7.200329999999999927e+03 1.018769000000000036e+00
7.200432999999999993e+03 1.019271999999999956e+00
7.200532000000000153e+03 1.020597999999999894e+00
7.200637999999999920e+03 1.021047999999999956e+00
7.200739999999999782e+03 1.023616000000000081e+00
7.200841999999999643e+03 1.020815999999999946e+00
7.200942999999999302e+03 1.022037000000000084e+00
7.201037000000000262e+03 1.021146000000000109e+00
7.201136999999999716e+03 1.026715999999999962e+00
7.201233000000000175e+03 1.018828000000000067e+00
7.201329000000000633e+03 1.020888999999999935e+00
7.201431000000000495e+03 1.022194000000000047e+00
7.201527999999999338e+03 1.017875000000000085e+00
7.201630000000000109e+03 1.026931000000000038e+00
7.201729000000000269e+03 1.020302999999999960e+00
7.201822000000000116e+03 1.021325000000000038e+00
7.201921999999999571e+03 1.022723999999999966e+00
7.202016999999999825e+03 1.023728999999999889e+00
7.202119999999999891e+03 1.023911999999999933e+00
7.202225000000000364e+03 1.016877000000000031e+00
7.202322000000000116e+03 1.020107000000000097e+00
7.202422999999999774e+03 1.019357000000000069e+00
7.202520999999999731e+03 1.019225000000000048e+00
7.202621000000000095e+03 1.019530999999999965e+00
7.202724000000000160e+03 1.016313999999999940e+00
7.202820999999999913e+03 1.020540000000000003e+00
7.202920000000000073e+03 1.019760999999999918e+00
7.203014999999999418e+03 1.022902999999999896e+00
7.203108000000000175e+03 1.021835999999999967e+00
7.203204999999999927e+03 1.023721000000000103e+00
7.203297999999999774e+03 1.024316999999999922e+00
7.203396999999999935e+03 1.020080000000000098e+00
7.203496999999999389e+03 1.023077999999999932e+00
7.203594000000000051e+03 1.017187999999999981e+00
7.203693999999999505e+03 1.024135000000000018e+00
7.203786000000000058e+03 1.023898999999999893e+00
7.203882999999999811e+03 1.020215000000000094e+00
7.203980999999999767e+03 1.020292999999999894e+00
7.204078000000000429e+03 1.020898000000000083e+00
7.204183999999999287e+03 1.017946999999999935e+00
7.204283000000000357e+03 1.014715000000000034e+00
7.204382999999999811e+03 1.023449000000000053e+00
7.204487999999999374e+03 1.018542999999999976e+00
7.204586000000000240e+03 1.018872000000000000e+00
7.204690000000000509e+03 1.020764000000000005e+00
7.204791000000000167e+03 1.019365999999999994e+00
7.204889999999999418e+03 1.020626999999999951e+00
7.204992000000000189e+03 1.018680000000000030e+00
7.205085999999999331e+03 1.019193000000000016e+00
7.205182999999999993e+03 1.021014000000000088e+00
7.205280999999999949e+03 1.016820000000000057e+00
7.205378999999999905e+03 1.023435000000000095e+00
7.205481999999999971e+03 1.019042999999999921e+00
7.205580999999999221e+03 1.019660000000000011e+00
7.205680000000000291e+03 1.014391999999999960e+00
7.205780999999999949e+03 1.015935999999999950e+00
7.205878000000000611e+03 1.015476000000000045e+00
7.205980000000000473e+03 1.018501000000000101e+00
7.206079999999999927e+03 1.018121999999999971e+00
7.206180999999999585e+03 1.010010000000000074e+00
7.206287999999999556e+03 1.014796000000000031e+00
7.206389000000000124e+03 1.013975000000000071e+00
7.206494000000000597e+03 1.018850000000000033e+00
7.206594000000000051e+03 1.014372999999999969e+00
7.206694999999999709e+03 1.015857000000000010e+00
7.206800999999999476e+03 1.011652999999999913e+00
7.206900999999999840e+03 1.014356000000000035e+00
7.207002000000000407e+03 1.016488999999999976e+00
7.207096999999999753e+03 1.020941000000000098e+00
7.207189999999999600e+03 1.019881000000000038e+00
7.207290999999999258e+03 1.017883000000000093e+00
7.207386999999999716e+03 1.011549000000000031e+00
7.207484000000000378e+03 1.018156999999999979e+00
7.207582999999999629e+03 1.010904999999999943e+00
7.207677999999999884e+03 1.014264000000000054e+00
7.207782000000000153e+03 1.018122999999999889e+00
7.207875999999999294e+03 1.013527999999999984e+00
7.207970000000000255e+03 1.010563000000000100e+00
7.208070999999999913e+03 1.017403999999999975e+00
7.208167999999999665e+03 1.016696000000000044e+00
7.208270999999999731e+03 1.011455999999999911e+00
7.208371999999999389e+03 1.014472999999999958e+00
7.208470000000000255e+03 1.014246999999999899e+00
7.208570999999999913e+03 1.013932000000000055e+00
7.208668000000000575e+03 1.012172000000000072e+00
7.208770999999999731e+03 1.011797999999999975e+00
7.208872999999999593e+03 1.012081000000000008e+00
7.208969000000000051e+03 1.011887999999999899e+00
7.209069000000000415e+03 1.015714999999999923e+00
7.209164000000000669e+03 1.013605000000000089e+00
7.209259000000000015e+03 1.013071999999999973e+00
7.209354000000000269e+03 1.017759999999999998e+00
7.209447000000000116e+03 1.017042999999999919e+00
7.209550000000000182e+03 1.015538000000000052e+00
7.209647999999999229e+03 1.015501999999999905e+00
7.209744999999999891e+03 1.012750999999999957e+00
7.209845999999999549e+03 1.007454999999999989e+00
7.209938000000000102e+03 1.015697999999999990e+00
7.210037000000000262e+03 1.015134999999999899e+00
7.210137999999999920e+03 1.012456000000000023e+00
7.210237000000000080e+03 1.015408000000000088e+00
7.210344000000000051e+03 1.014046000000000003e+00
7.210443999999999505e+03 1.014496000000000064e+00
7.210546000000000276e+03 1.008537000000000017e+00
7.210648000000000138e+03 1.016361999999999988e+00
7.210747999999999593e+03 1.013366999999999907e+00
7.210854000000000269e+03 1.014737000000000000e+00
7.210956000000000131e+03 1.013762999999999970e+00
7.211057000000000698e+03 1.009670999999999985e+00
7.211157000000000153e+03 1.007843000000000044e+00
7.211250000000000000e+03 1.008793000000000051e+00
7.211350000000000364e+03 1.010361999999999982e+00
7.211448999999999614e+03 1.008429000000000020e+00
7.211548999999999978e+03 1.014234999999999998e+00
7.211653000000000247e+03 1.014683000000000002e+00
7.211751999999999498e+03 1.014861000000000013e+00
7.211852000000000771e+03 1.011579999999999924e+00
7.211949999999999818e+03 1.013897000000000048e+00
7.212048000000000684e+03 1.012002000000000068e+00
7.212150000000000546e+03 1.009244000000000030e+00
7.212250000000000000e+03 1.013973999999999931e+00
7.212358000000000175e+03 1.015227000000000102e+00
7.212461000000000240e+03 1.006016000000000021e+00
7.212559999999999491e+03 1.012583999999999929e+00
7.212664999999999964e+03 1.006502000000000008e+00
7.212761000000000422e+03 1.010205999999999937e+00
7.212863999999999578e+03 1.014146999999999910e+00
7.212970999999999549e+03 1.011131999999999920e+00
7.213068999999999505e+03 1.010472000000000037e+00
7.213167999999999665e+03 1.006529000000000007e+00
7.213262000000000626e+03 1.007193999999999923e+00
7.213354999999999563e+03 1.006024000000000029e+00
7.213453999999999724e+03 1.005511999999999961e+00
7.213549999999999272e+03 1.007341000000000042e+00
7.213650000000000546e+03 1.013746999999999954e+00
7.213748999999999796e+03 1.015258999999999912e+00
7.213846000000000458e+03 1.007490999999999914e+00
7.213944999999999709e+03 1.004544000000000104e+00
7.214036000000000058e+03 1.007765000000000022e+00
7.214132000000000517e+03 1.005692000000000030e+00
7.214231999999999971e+03 1.008866000000000041e+00
7.214331999999999425e+03 1.007425000000000015e+00
7.214436999999999898e+03 1.014767999999999892e+00
7.214538000000000466e+03 1.011676999999999937e+00
7.214636999999999716e+03 1.008148999999999962e+00
7.214737999999999374e+03 1.012248999999999954e+00
7.214836000000000240e+03 1.016651999999999889e+00
7.214940999999999804e+03 1.014882000000000062e+00
7.215041000000000167e+03 1.007737000000000105e+00
7.215139000000000124e+03 1.011506000000000016e+00
7.215239999999999782e+03 1.007451000000000096e+00
7.215331000000000131e+03 1.005203999999999986e+00
7.215426999999999680e+03 1.009314000000000044e+00
7.215521999999999935e+03 1.009999000000000091e+00
7.215619000000000597e+03 1.012253000000000069e+00
7.215725000000000364e+03 1.005430999999999964e+00
7.215823999999999614e+03 1.005546999999999969e+00
7.215922999999999774e+03 1.007676999999999934e+00
7.216020999999999731e+03 1.006475000000000009e+00
7.216112000000000080e+03 1.005695999999999923e+00
7.216213999999999942e+03 1.011744999999999894e+00
7.216314999999999600e+03 1.006575999999999915e+00
7.216416999999999462e+03 1.002461999999999964e+00
7.216524999999999636e+03 1.006812999999999958e+00
7.216626000000000204e+03 1.003222999999999976e+00
7.216731000000000677e+03 1.003498999999999919e+00
7.216831000000000131e+03 1.007703999999999933e+00
7.216930999999999585e+03 1.001892999999999923e+00
7.217037999999999556e+03 1.010388999999999982e+00
7.217139000000000124e+03 1.001530000000000031e+00
7.217241999999999280e+03 1.012135000000000007e+00
7.217338999999999942e+03 1.000639000000000056e+00
7.217432999999999993e+03 9.980571999999999777e-01
7.217533000000000357e+03 1.014459999999999917e+00
7.217628999999999905e+03 1.002202000000000037e+00
7.217730000000000473e+03 1.007713000000000081e+00
7.217832999999999629e+03 9.956353999999999482e-01
7.217930000000000291e+03 1.010000999999999927e+00
7.218032000000000153e+03 1.001757000000000009e+00
7.218127999999999702e+03 1.001832999999999974e+00
7.218225000000000364e+03 1.003751000000000060e+00
7.218327000000000226e+03 1.005471000000000004e+00
7.218426000000000386e+03 1.006739999999999968e+00
7.218534999999999854e+03 1.001759000000000066e+00
7.218638999999999214e+03 1.006841000000000097e+00
7.218735999999999876e+03 1.008224999999999927e+00
7.218836999999999534e+03 1.004000999999999921e+00
7.218934000000000196e+03 1.004768000000000105e+00
7.219037000000000262e+03 1.006061000000000094e+00
7.219141999999999825e+03 1.009630000000000027e+00
7.219237000000000080e+03 1.007953000000000099e+00
7.219336000000000240e+03 1.010947999999999958e+00
7.219426999999999680e+03 9.969078999999999580e-01
7.219521000000000640e+03 1.003789000000000042e+00
7.219619999999999891e+03 1.006440999999999919e+00
7.219713999999999942e+03 1.004199000000000064e+00
7.219814999999999600e+03 1.008043999999999940e+00
7.219913000000000466e+03 1.002938000000000107e+00
7.220009000000000015e+03 1.005211000000000077e+00
7.220108000000000175e+03 9.984258000000000299e-01
7.220199999999999818e+03 1.009319000000000077e+00
7.220298999999999978e+03 1.012123000000000106e+00
7.220399999999999636e+03 9.977907999999999777e-01
7.220500999999999294e+03 1.003582999999999892e+00
7.220608000000000175e+03 1.000585000000000058e+00
7.220704999999999927e+03 1.006715999999999944e+00
7.220805000000000291e+03 1.002464000000000022e+00
7.220907000000000153e+03 1.001811000000000007e+00
7.221002999999999702e+03 1.002070999999999934e+00
7.221108000000000175e+03 9.997947000000000362e-01
7.221207999999999629e+03 1.009298999999999946e+00
7.221306000000000495e+03 9.913294000000000272e-01
7.221407000000000153e+03 1.005405000000000104e+00
7.221500000000000000e+03 9.935055999999999887e-01
7.221595999999999549e+03 9.992995999999999546e-01
7.221693000000000211e+03 9.963366000000000167e-01
7.221789999999999964e+03 1.007346000000000075e+00
7.221894999999999527e+03 1.000995999999999997e+00
7.221993999999999687e+03 1.000275999999999943e+00
7.222092999999999847e+03 1.002218000000000053e+00
7.222192000000000007e+03 1.000955999999999957e+00
7.222287999999999556e+03 1.004278999999999922e+00
7.222394000000000233e+03 1.001951999999999954e+00
7.222494999999999891e+03 9.971805999999999726e-01
7.222600000000000364e+03 1.005794999999999995e+00
7.222706999999999425e+03 9.954513000000000389e-01
7.222807999999999993e+03 1.007551000000000085e+00
7.222914000000000669e+03 9.961946999999999885e-01
7.223015000000000327e+03 1.003338000000000063e+00
7.223115999999999985e+03 9.999964000000000075e-01
7.223221999999999753e+03 1.001684000000000019e+00
7.223321999999999207e+03 1.004644000000000092e+00
7.223422000000000480e+03 9.955637000000000514e-01
7.223519999999999527e+03 1.001521000000000106e+00
7.223613000000000284e+03 9.985308999999999990e-01
7.223715000000000146e+03 9.978169999999999540e-01
7.223814000000000306e+03 1.002439000000000080e+00
7.223913999999999760e+03 1.002547000000000077e+00
7.224015999999999622e+03 9.996100999999999459e-01
7.224112000000000080e+03 9.874058999999999475e-01
7.224215000000000146e+03 1.010086000000000039e+00
7.224311999999999898e+03 1.008559999999999901e+00
7.224407000000000153e+03 9.939101999999999659e-01
7.224509000000000015e+03 1.003532000000000091e+00
7.224609000000000378e+03 1.003303999999999974e+00
7.224715000000000146e+03 1.001602000000000103e+00
7.224818000000000211e+03 9.932419999999999582e-01
7.224914999999999964e+03 1.004332000000000003e+00
7.225016999999999825e+03 9.984471999999999792e-01
7.225113999999999578e+03 9.947812999999999795e-01
7.225215999999999440e+03 1.003015999999999908e+00
7.225318999999999505e+03 9.974745999999999890e-01
7.225412999999999556e+03 1.003039999999999932e+00
7.225511999999999716e+03 9.926932000000000533e-01
7.225603999999999360e+03 1.004963000000000051e+00
7.225697000000000116e+03 9.973045000000000382e-01
7.225797000000000480e+03 9.936359999999999637e-01
7.225893000000000029e+03 1.003395000000000037e+00
7.225996000000000095e+03 1.007316000000000100e+00
7.226096000000000458e+03 1.004675999999999902e+00
7.226192000000000007e+03 9.957907000000000286e-01
7.226291000000000167e+03 9.983674999999999633e-01
7.226384000000000015e+03 9.977740999999999971e-01
7.226483000000000175e+03 9.915296000000000110e-01
7.226586000000000240e+03 1.002691999999999917e+00
7.226685999999999694e+03 1.006766000000000050e+00
7.226792999999999665e+03 1.004273999999999889e+00
7.226891000000000531e+03 9.915755000000000541e-01
7.226993000000000393e+03 1.007660999999999918e+00
7.227096000000000458e+03 1.003746999999999945e+00
7.227195999999999913e+03 9.916926999999999826e-01
7.227299999999999272e+03 9.982813999999999854e-01
7.227400000000000546e+03 9.947591000000000072e-01
7.227496999999999389e+03 1.009617999999999904e+00
7.227597000000000662e+03 9.969175000000000120e-01
7.227692000000000007e+03 1.013017000000000056e+00
7.227789999999999964e+03 9.966717999999999966e-01
7.227890000000000327e+03 9.957036000000000220e-01
7.227989999999999782e+03 9.998770999999999631e-01
7.228096999999999753e+03 9.984986999999999613e-01
7.228195000000000618e+03 9.936979999999999702e-01
7.228293999999999869e+03 9.959244999999999903e-01
7.228394999999999527e+03 1.002242999999999995e+00
7.228493000000000393e+03 9.925469000000000097e-01
7.228599000000000160e+03 9.993446000000000273e-01
7.228702000000000226e+03 9.996424999999999894e-01
7.228805000000000291e+03 1.014650000000000052e+00
7.228911000000000058e+03 1.003644999999999898e+00
7.229010999999999513e+03 9.930063000000000084e-01
7.229114000000000487e+03 1.003355999999999915e+00
7.229217000000000553e+03 9.897236999999999840e-01
7.229317000000000007e+03 9.893073000000000006e-01
7.229425000000000182e+03 9.940651999999999822e-01
7.229523000000000138e+03 9.999938000000000438e-01
7.229619999999999891e+03 9.953081999999999763e-01
7.229701999999999316e+03 9.935488000000000097e-01
7.229739999999999782e+03 1.004912000000000027e+00
7.229753999999999905e+03 9.951419999999999710e-01
7.229761999999999716e+03 9.941982999999999793e-01
7.229766999999999825e+03 1.000529999999999919e+00
7.229770000000000437e+03 9.971480999999999817e-01
