energy intensity
7.089884000000000015e+03 8.031902000000000269e-04
7.089940999999999804e+03 9.814660000000000658e-04
7.090038999999999760e+03 7.715423999999999807e-04
7.090139000000000124e+03 7.608820999999999770e-04
7.090243000000000393e+03 8.282670999999999697e-04
7.090346000000000458e+03 7.510474000000000490e-04
7.090452000000000226e+03 6.520156999999999516e-04
7.090551999999999680e+03 5.690065000000000010e-04
7.090655999999999949e+03 6.999948999999999885e-04
7.090759000000000015e+03 4.872262000000000142e-04
7.090859000000000378e+03 5.055962000000000433e-04
7.090963000000000648e+03 6.361169999999999542e-04
7.091059999999999491e+03 4.372353000000000047e-04
7.091159000000000560e+03 3.608532000000000232e-04
7.091255000000000109e+03 2.910812999999999942e-04
7.091345999999999549e+03 3.046257999999999930e-04
7.091442000000000007e+03 3.799717000000000199e-04
7.091537999999999556e+03 4.343249000000000198e-04
7.091639000000000124e+03 2.187244000000000026e-04
7.091739999999999782e+03 3.235900999999999903e-04
7.091834000000000742e+03 3.566786000000000175e-04
7.091932999999999993e+03 1.863971999999999981e-04
7.092029000000000451e+03 2.318011999999999991e-04
7.092128999999999905e+03 1.364026000000000008e-04
7.092230999999999767e+03 1.037797000000000052e-04
7.092331999999999425e+03 1.161833999999999962e-04
7.092437999999999192e+03 -1.744677000000000033e-04
7.092539000000000669e+03 1.014774000000000052e-05
7.092641000000000531e+03 -1.480133000000000047e-05
7.092740999999999985e+03 1.724689000000000116e-04
7.092841000000000349e+03 -5.064076000000000200e-05
7.092946000000000822e+03 7.464904000000000416e-06
7.093043999999999869e+03 9.151430999999999965e-05
7.093141999999999825e+03 -2.040618000000000119e-04
7.093235999999999876e+03 -9.596505999999999765e-05
7.093329999999999927e+03 -1.058526999999999971e-04
7.093430999999999585e+03 -4.066850999999999935e-05
7.093528000000000247e+03 -1.833344000000000043e-04
7.093631000000000313e+03 -1.098801999999999987e-04
7.093731999999999971e+03 -1.807094999999999882e-04
7.093829999999999927e+03 -2.481636999999999971e-04
7.093927999999999884e+03 -2.447665999999999818e-04
7.094026000000000749e+03 -3.005258999999999817e-04
7.094131000000000313e+03 -1.847831000000000029e-04
7.094235000000000582e+03 -1.945507000000000074e-04
7.094342000000000553e+03 -2.764371999999999966e-04
7.094449999999999818e+03 -3.431120999999999976e-04
7.094550000000000182e+03 -4.279908000000000020e-04
7.094655999999999949e+03 -4.487375000000000044e-04
7.094760000000000218e+03 -3.336444999999999732e-04
7.094863000000000284e+03 -4.042774000000000064e-04
7.094966999999999643e+03 -4.832497000000000160e-04
7.095063999999999396e+03 -3.020316000000000103e-04
7.095164999999999964e+03 -4.415329999999999754e-04
7.095260999999999513e+03 -3.344930999999999773e-04
7.095359000000000378e+03 -5.022346000000000449e-04
7.095462000000000444e+03 -2.663952999999999937e-04
7.095564000000000306e+03 -3.416278999999999822e-04
7.095670000000000073e+03 -2.868117000000000106e-04
7.095768999999999323e+03 -5.403940999999999563e-04
7.095863999999999578e+03 -4.886177999999999485e-04
7.095962000000000444e+03 -3.746557000000000186e-04
7.096061999999999898e+03 -2.804630000000000014e-04
7.096171000000000276e+03 -2.383107000000000085e-04
7.096274000000000342e+03 -2.629419000000000244e-04
7.096376000000000204e+03 -3.806530000000000026e-04
7.096478000000000065e+03 -5.564988999999999787e-04
7.096579999999999927e+03 -2.945816999999999988e-04
7.096684999999999491e+03 -5.340103000000000124e-04
7.096784999999999854e+03 -3.779718000000000053e-04
7.096885000000000218e+03 -3.217795999999999981e-04
7.096983000000000175e+03 -2.929675999999999765e-04
7.097076999999999316e+03 -2.395949999999999989e-04
7.097173999999999978e+03 -2.303914999999999913e-04
7.097268000000000029e+03 -4.223030000000000121e-04
7.097363999999999578e+03 -3.141881999999999813e-04
7.097463000000000648e+03 -2.743085000000000250e-04
7.097564000000000306e+03 -9.382926000000000363e-05
7.097667000000000371e+03 -2.969715999999999741e-04
7.097762000000000626e+03 -1.682339999999999888e-04
7.097859999999999673e+03 -1.846893000000000005e-04
7.097959000000000742e+03 -6.467453999999999488e-05
7.098059000000000196e+03 -4.599340999999999982e-05
7.098163999999999760e+03 6.539343000000000521e-05
7.098264999999999418e+03 -6.379392000000000059e-06
7.098369999999999891e+03 -1.534485000000000098e-06
7.098470999999999549e+03 1.064138000000000009e-04
7.098570999999999913e+03 -6.699832999999999386e-05
7.098676000000000386e+03 1.382358000000000089e-04
7.098774999999999636e+03 1.221825000000000114e-04
7.098880000000000109e+03 2.090798999999999902e-04
7.098980000000000473e+03 2.296707999999999898e-04
7.099073999999999614e+03 5.133550999999999869e-04
7.099172000000000480e+03 1.547251999999999937e-04
7.099265999999999622e+03 2.822853999999999858e-04
7.099368000000000393e+03 4.050015999999999816e-04
7.099469000000000051e+03 4.586599000000000231e-04
7.099568999999999505e+03 3.471532000000000155e-04
7.099672999999999774e+03 5.156129000000000181e-04
7.099771999999999935e+03 5.538391000000000147e-04
7.099873999999999796e+03 6.771560000000000469e-04
7.099973999999999251e+03 8.316856999999999982e-04
7.100078999999999724e+03 7.200835000000000048e-04
7.100186999999999898e+03 6.534451000000000365e-04
7.100291999999999462e+03 8.372237000000000255e-04
7.100399000000000342e+03 9.449651000000000101e-04
7.100501999999999498e+03 1.125094000000000094e-03
7.100603000000000065e+03 1.039418000000000069e-03
7.100710000000000036e+03 1.063628999999999963e-03
7.100812999999999192e+03 1.305217000000000009e-03
7.100917000000000371e+03 1.277417000000000092e-03
7.101012999999999920e+03 1.474229000000000078e-03
7.101110000000000582e+03 1.523905000000000095e-03
7.101211000000000240e+03 1.502719999999999924e-03
7.101307999999999993e+03 1.638740000000000075e-03
7.101409999999999854e+03 1.925557000000000050e-03
7.101510000000000218e+03 1.708808000000000028e-03
7.101610999999999876e+03 1.972451999999999973e-03
7.101711000000000240e+03 1.983313000000000003e-03
7.101806999999999789e+03 2.239912000000000153e-03
7.101907999999999447e+03 2.422612000000000203e-03
7.102006000000000313e+03 2.306798000000000095e-03
7.102112000000000080e+03 2.331960000000000109e-03
7.102220000000000255e+03 2.624476000000000152e-03
7.102319999999999709e+03 2.582234999999999999e-03
7.102421999999999571e+03 2.695780999999999959e-03
7.102520000000000437e+03 2.815862000000000139e-03
7.102623000000000502e+03 2.946808999999999887e-03
7.102725000000000364e+03 3.029748000000000076e-03
7.102822000000000116e+03 3.329794000000000070e-03
7.102923999999999978e+03 3.472577000000000129e-03
7.103019999999999527e+03 3.898322000000000072e-03
7.103114999999999782e+03 4.050637999999999635e-03
7.103212000000000444e+03 4.119783000000000125e-03
7.103309000000000196e+03 4.302315999999999606e-03
7.103411000000000058e+03 3.902127000000000026e-03
7.103513000000000829e+03 4.235771999999999628e-03
7.103613000000000284e+03 4.212374999999999974e-03
7.103708999999999833e+03 4.656931999999999912e-03
7.103805000000000291e+03 4.724937999999999708e-03
7.103905999999999949e+03 4.987664000000000160e-03
7.104006000000000313e+03 4.880400000000000016e-03
7.104110999999999876e+03 5.118072000000000420e-03
7.104212999999999738e+03 5.478567000000000159e-03
7.104314999999999600e+03 5.230117000000000273e-03
7.104418999999999869e+03 5.683210999999999645e-03
7.104519999999999527e+03 5.672377000000000148e-03
7.104624000000000706e+03 6.036401999999999740e-03
7.104726999999999862e+03 6.145002000000000103e-03
7.104824999999999818e+03 6.302061000000000295e-03
7.104925999999999476e+03 6.660318999999999615e-03
7.105019999999999527e+03 6.709086999999999863e-03
7.105117000000000189e+03 6.998141999999999731e-03
7.105213999999999942e+03 7.279413000000000203e-03
7.105314000000000306e+03 7.550972999999999886e-03
7.105420999999999367e+03 7.765634999999999899e-03
7.105520000000000437e+03 7.862716999999999970e-03
7.105622000000000298e+03 8.169503999999999308e-03
7.105722999999999956e+03 8.286038000000000778e-03
7.105822000000000116e+03 8.638610999999999165e-03
7.105926000000000386e+03 8.944636000000000600e-03
7.106029000000000451e+03 9.442842999999999376e-03
7.106135000000000218e+03 9.399364999999999803e-03
7.106238000000000284e+03 9.740878999999999163e-03
7.106340999999999440e+03 1.018297999999999946e-02
7.106445999999999913e+03 1.029762000000000038e-02
7.106547999999999774e+03 1.069821999999999960e-02
7.106653999999999542e+03 1.075686999999999997e-02
7.106756999999999607e+03 1.139268000000000051e-02
7.106855999999999767e+03 1.167552999999999994e-02
7.106953999999999724e+03 1.190038000000000033e-02
7.107046000000000276e+03 1.230352000000000008e-02
7.107146000000000640e+03 1.231162000000000055e-02
7.107243999999999687e+03 1.275373999999999952e-02
7.107341000000000349e+03 1.324046000000000077e-02
7.107443000000000211e+03 1.364557999999999917e-02
7.107538999999999760e+03 1.402052999999999980e-02
7.107637999999999920e+03 1.447269999999999980e-02
7.107737000000000080e+03 1.496857000000000049e-02
7.107834000000000742e+03 1.547199999999999964e-02
7.107935000000000400e+03 1.562527000000000013e-02
7.108036000000000058e+03 1.610566000000000081e-02
7.108140999999999622e+03 1.636363000000000054e-02
7.108242999999999483e+03 1.714521999999999921e-02
7.108338999999999942e+03 1.726776000000000005e-02
7.108439999999999600e+03 1.802076999999999846e-02
7.108541999999999462e+03 1.847214000000000148e-02
7.108644000000000233e+03 1.883552000000000143e-02
7.108742999999999483e+03 1.932019000000000097e-02
7.108840000000000146e+03 1.999857999999999844e-02
7.108936999999999898e+03 2.076686000000000157e-02
7.109032000000000153e+03 2.091037999999999925e-02
7.109128999999999905e+03 2.195220000000000157e-02
7.109225999999999658e+03 2.258326000000000083e-02
7.109324999999999818e+03 2.327900999999999929e-02
7.109426000000000386e+03 2.374895999999999952e-02
7.109521999999999935e+03 2.477265000000000023e-02
7.109621000000000095e+03 2.549018999999999938e-02
7.109715999999999440e+03 2.619256999999999835e-02
7.109816000000000713e+03 2.723449000000000009e-02
7.109920000000000073e+03 2.811280000000000029e-02
7.110023000000000138e+03 2.897220000000000004e-02
7.110127999999999702e+03 2.994435000000000152e-02
7.110229999999999563e+03 3.102844000000000088e-02
7.110332999999999629e+03 3.253368999999999706e-02
7.110435999999999694e+03 3.391008000000000217e-02
7.110536000000000058e+03 3.524427000000000115e-02
7.110641000000000531e+03 3.685149000000000064e-02
7.110740999999999985e+03 3.855219000000000007e-02
7.110838999999999942e+03 4.054504999999999915e-02
7.110938000000000102e+03 4.291480000000000294e-02
7.111033000000000357e+03 4.525157999999999958e-02
7.111134000000000015e+03 4.831227999999999911e-02
7.111234999999999673e+03 5.195160000000000056e-02
7.111340000000000146e+03 5.574770999999999893e-02
7.111442000000000007e+03 6.036488000000000270e-02
7.111538999999999760e+03 6.555160999999999627e-02
7.111640999999999622e+03 7.166260000000000685e-02
7.111738000000000284e+03 7.759080000000000144e-02
7.111838999999999942e+03 8.376105999999999829e-02
7.111944000000000415e+03 8.882816000000000323e-02
7.112048999999999978e+03 9.277963000000000182e-02
7.112158000000000357e+03 9.550725999999999660e-02
7.112257999999999811e+03 9.670180000000000442e-02
7.112359999999999673e+03 9.694292999999999660e-02
7.112462999999999738e+03 9.693596999999999630e-02
7.112564999999999600e+03 9.744121999999999506e-02
7.112669999999999163e+03 9.810660000000000214e-02
7.112766999999999825e+03 9.856085000000000540e-02
7.112860999999999876e+03 9.922155000000000558e-02
7.112954000000000633e+03 9.931913000000000546e-02
7.113047999999999774e+03 9.929346999999999479e-02
7.113149999999999636e+03 9.858387999999999873e-02
7.113247999999999593e+03 9.818184000000000633e-02
7.113346999999999753e+03 9.807430000000000314e-02
7.113447000000000116e+03 9.825267999999999502e-02
7.113542999999999665e+03 9.876983000000000290e-02
7.113641999999999825e+03 1.005275000000000057e-01
7.113737999999999374e+03 1.020796000000000064e-01
7.113837000000000444e+03 1.034965000000000052e-01
7.113939000000000306e+03 1.046654999999999947e-01
7.114039999999999964e+03 1.057397999999999949e-01
7.114145999999999731e+03 1.056948999999999944e-01
7.114245999999999185e+03 1.061216999999999994e-01
7.114346000000000458e+03 1.065040000000000014e-01
7.114448000000000320e+03 1.066886999999999974e-01
7.114551999999999680e+03 1.069269999999999943e-01
7.114654999999999745e+03 1.080026999999999932e-01
7.114748999999999796e+03 1.090560000000000002e-01
7.114845000000000255e+03 1.114301000000000041e-01
7.114939999999999600e+03 1.133361999999999981e-01
7.115033000000000357e+03 1.160926000000000041e-01
7.115132999999999811e+03 1.193261999999999934e-01
7.115230999999999767e+03 1.225829999999999975e-01
7.115332000000000335e+03 1.272392999999999996e-01
7.115431999999999789e+03 1.326167000000000040e-01
7.115528000000000247e+03 1.379651000000000072e-01
7.115627999999999702e+03 1.446993000000000029e-01
7.115725000000000364e+03 1.514939999999999898e-01
7.115828999999999724e+03 1.599047000000000107e-01
7.115934000000000196e+03 1.680639999999999912e-01
7.116036000000000058e+03 1.760165999999999953e-01
7.116141999999999825e+03 1.857186000000000115e-01
7.116242999999999483e+03 1.934752999999999890e-01
7.116346999999999753e+03 2.021487999999999896e-01
7.116450000000000728e+03 2.101101999999999970e-01
7.116552000000000589e+03 2.166665000000000119e-01
7.116658000000000357e+03 2.240476000000000134e-01
7.116756999999999607e+03 2.291237000000000135e-01
7.116856000000000677e+03 2.339411000000000129e-01
7.116952999999999520e+03 2.387919000000000014e-01
7.117048999999999978e+03 2.429408999999999874e-01
7.117153000000000247e+03 2.474930999999999937e-01
7.117252999999999702e+03 2.511675999999999909e-01
7.117354999999999563e+03 2.551573999999999787e-01
7.117453000000000429e+03 2.601929000000000047e-01
7.117550999999999476e+03 2.654077000000000242e-01
7.117654999999999745e+03 2.720132000000000105e-01
7.117753999999999905e+03 2.787010999999999794e-01
7.117858000000000175e+03 2.871768000000000098e-01
7.117962000000000444e+03 2.961565999999999921e-01
7.118067000000000007e+03 3.052150000000000141e-01
7.118172999999999774e+03 3.178204000000000029e-01
7.118270999999999731e+03 3.290578000000000114e-01
7.118371000000000095e+03 3.421712000000000087e-01
7.118471000000000458e+03 3.568477999999999928e-01
7.118569999999999709e+03 3.711988999999999983e-01
7.118672000000000480e+03 3.888088000000000100e-01
7.118765999999999622e+03 4.044281000000000126e-01
7.118859999999999673e+03 4.223643999999999732e-01
7.118953999999999724e+03 4.409287000000000067e-01
7.119050999999999476e+03 4.581534999999999913e-01
7.119152000000000044e+03 4.768097000000000030e-01
7.119247999999999593e+03 4.938177000000000261e-01
7.119347000000000662e+03 5.107108999999999677e-01
7.119443999999999505e+03 5.282314000000000176e-01
7.119537000000000262e+03 5.432297999999999849e-01
7.119635999999999513e+03 5.607427000000000383e-01
7.119733000000000175e+03 5.758737000000000439e-01
7.119836000000000240e+03 5.922454000000000329e-01
7.119938000000000102e+03 6.089906000000000486e-01
7.120040999999999258e+03 6.241761999999999588e-01
7.120144999999999527e+03 6.411611000000000393e-01
7.120243000000000393e+03 6.575495000000000090e-01
7.120345000000000255e+03 6.755227999999999788e-01
7.120445999999999913e+03 6.927379999999999649e-01
7.120545000000000073e+03 7.098105000000000109e-01
7.120645999999999731e+03 7.294222000000000206e-01
7.120738000000000284e+03 7.471299999999999608e-01
7.120834000000000742e+03 7.660350000000000215e-01
7.120930000000000291e+03 7.854107999999999645e-01
7.121025000000000546e+03 8.031768999999999714e-01
7.121127000000000407e+03 8.228250999999999760e-01
7.121225999999999658e+03 8.380809000000000175e-01
7.121326000000000022e+03 8.563678999999999597e-01
7.121425000000000182e+03 8.744876000000000316e-01
7.121521999999999935e+03 8.888390999999999931e-01
7.121622999999999593e+03 9.055845999999999618e-01
7.121721999999999753e+03 9.196701999999999932e-01
7.121827999999999520e+03 9.340289000000000508e-01
7.121931999999999789e+03 9.480598999999999554e-01
7.122033000000000357e+03 9.602701999999999627e-01
7.122140000000000327e+03 9.724941000000000280e-01
7.122242000000000189e+03 9.832005000000000328e-01
7.122347999999999956e+03 9.951913000000000009e-01
7.122452000000000226e+03 1.004613999999999896e+00
7.122552999999999884e+03 1.014180999999999999e+00
7.122655999999999949e+03 1.023131000000000013e+00
7.122752000000000407e+03 1.032005999999999979e+00
7.122847999999999956e+03 1.039571999999999941e+00
7.122944999999999709e+03 1.045458999999999916e+00
7.123041999999999462e+03 1.052637000000000045e+00
7.123146000000000640e+03 1.058146999999999949e+00
7.123246000000000095e+03 1.063422000000000089e+00
7.123346999999999753e+03 1.067628000000000021e+00
7.123444000000000415e+03 1.072394999999999987e+00
7.123541000000000167e+03 1.075803000000000065e+00
7.123644999999999527e+03 1.079479999999999995e+00
7.123744000000000597e+03 1.083312000000000053e+00
7.123846000000000458e+03 1.085733999999999977e+00
7.123948000000000320e+03 1.089247000000000076e+00
7.124050000000000182e+03 1.091830999999999996e+00
7.124153999999999542e+03 1.094797999999999938e+00
7.124252000000000407e+03 1.098638000000000003e+00
7.124351999999999862e+03 1.099625000000000075e+00
7.124453999999999724e+03 1.102368000000000015e+00
7.124552999999999884e+03 1.105895000000000072e+00
7.124653000000000247e+03 1.108567000000000080e+00
7.124744999999999891e+03 1.110220999999999902e+00
7.124837999999999738e+03 1.111625000000000085e+00
7.124932999999999993e+03 1.115690000000000071e+00
7.125029999999999745e+03 1.117976999999999999e+00
7.125131999999999607e+03 1.119358999999999993e+00
7.125228000000000065e+03 1.122716999999999965e+00
7.125327000000000226e+03 1.124854999999999938e+00
7.125425000000000182e+03 1.126929999999999987e+00
7.125520999999999731e+03 1.127607999999999944e+00
7.125619999999999891e+03 1.130216000000000109e+00
7.125719000000000051e+03 1.130516999999999994e+00
7.125824999999999818e+03 1.131396000000000068e+00
7.125927999999999884e+03 1.131974000000000036e+00
7.126028000000000247e+03 1.132743999999999973e+00
7.126131000000000313e+03 1.133213999999999944e+00
7.126226999999999862e+03 1.134493999999999891e+00
7.126331000000000131e+03 1.134970000000000034e+00
7.126434999999999491e+03 1.135130999999999890e+00
7.126533000000000357e+03 1.134951000000000043e+00
7.126634000000000015e+03 1.135367000000000015e+00
7.126726999999999862e+03 1.135431000000000079e+00
7.126823999999999614e+03 1.135447000000000095e+00
7.126922000000000480e+03 1.134764000000000106e+00
7.127018999999999323e+03 1.134535000000000071e+00
7.127123999999999796e+03 1.134938999999999920e+00
7.127222999999999956e+03 1.133148999999999962e+00
7.127323999999999614e+03 1.132193000000000005e+00
7.127423000000000684e+03 1.132538000000000045e+00
7.127519000000000233e+03 1.131258000000000097e+00
7.127621999999999389e+03 1.130667000000000089e+00
7.127724999999999454e+03 1.129928000000000043e+00
7.127832999999999629e+03 1.129844999999999988e+00
7.127938999999999396e+03 1.127520000000000078e+00
7.128040999999999258e+03 1.127761999999999931e+00
7.128148999999999432e+03 1.126341999999999954e+00
7.128250000000000000e+03 1.125172000000000061e+00
7.128354000000000269e+03 1.124150999999999900e+00
7.128454999999999927e+03 1.123426000000000036e+00
7.128554000000000087e+03 1.121642999999999946e+00
7.128655999999999949e+03 1.120581999999999967e+00
7.128750000000000000e+03 1.118508999999999975e+00
7.128846000000000458e+03 1.117453000000000030e+00
7.128942999999999302e+03 1.116616999999999971e+00
7.129044000000000779e+03 1.114700999999999942e+00
7.129149000000000342e+03 1.113739999999999952e+00
7.129250000000000000e+03 1.110530000000000017e+00
7.129346999999999753e+03 1.108945000000000070e+00
7.129440999999999804e+03 1.107842999999999911e+00
7.129537000000000262e+03 1.105053000000000063e+00
7.129640000000000327e+03 1.104376999999999942e+00
7.129739999999999782e+03 1.101517999999999997e+00
7.129841999999999643e+03 1.100294000000000105e+00
7.129945999999999913e+03 1.098737000000000075e+00
7.130046000000000276e+03 1.096883000000000052e+00
7.130149000000000342e+03 1.095509000000000066e+00
7.130246999999999389e+03 1.094646999999999926e+00
7.130347000000000662e+03 1.094286000000000092e+00
7.130447000000000116e+03 1.088885000000000103e+00
7.130546999999999571e+03 1.087118000000000029e+00
7.130646999999999935e+03 1.085402999999999896e+00
7.130738000000000284e+03 1.085313999999999890e+00
7.130831999999999425e+03 1.084559000000000051e+00
7.130929000000000087e+03 1.082846999999999893e+00
7.131026000000000749e+03 1.081320000000000059e+00
7.131128999999999905e+03 1.081565000000000110e+00
7.131226999999999862e+03 1.080891999999999964e+00
7.131326000000000022e+03 1.079673000000000105e+00
7.131422999999999774e+03 1.078414999999999901e+00
7.131516999999999825e+03 1.077639999999999931e+00
7.131619999999999891e+03 1.077185000000000059e+00
7.131719000000000051e+03 1.076686999999999950e+00
7.131822999999999411e+03 1.075887000000000038e+00
7.131927999999999884e+03 1.075917000000000012e+00
7.132028000000000247e+03 1.075825000000000031e+00
7.132131000000000313e+03 1.075890999999999931e+00
7.132229999999999563e+03 1.074521999999999977e+00
7.132332999999999629e+03 1.074394999999999989e+00
7.132437000000000808e+03 1.073762000000000105e+00
7.132534999999999854e+03 1.073825999999999947e+00
7.132634999999999309e+03 1.072000000000000064e+00
7.132730999999999767e+03 1.073150999999999966e+00
7.132827999999999520e+03 1.071585999999999927e+00
7.132926000000000386e+03 1.071128000000000080e+00
7.133022999999999229e+03 1.070267000000000079e+00
7.133128999999999905e+03 1.069892999999999983e+00
7.133229000000000269e+03 1.070489000000000024e+00
7.133328999999999724e+03 1.068407000000000107e+00
7.133427999999999884e+03 1.068901000000000101e+00
7.133524999999999636e+03 1.068114999999999926e+00
7.133630000000000109e+03 1.068049999999999944e+00
7.133731999999999971e+03 1.067320999999999964e+00
7.133837999999999738e+03 1.066478999999999955e+00
7.133942000000000007e+03 1.066953000000000040e+00
7.134042000000000371e+03 1.065490999999999966e+00
7.134148999999999432e+03 1.065622999999999987e+00
7.134250000000000000e+03 1.066184999999999938e+00
7.134350000000000364e+03 1.063706999999999958e+00
7.134452999999999520e+03 1.064051000000000080e+00
7.134551000000000386e+03 1.063325999999999993e+00
7.134650999999999840e+03 1.061976999999999949e+00
7.134746000000000095e+03 1.062940999999999914e+00
7.134840999999999440e+03 1.061590999999999951e+00
7.134938000000000102e+03 1.062267999999999990e+00
7.135034999999999854e+03 1.061258000000000035e+00
7.135137000000000626e+03 1.061074000000000073e+00
7.135234999999999673e+03 1.061026999999999942e+00
7.135329999999999927e+03 1.060896999999999979e+00
7.135425999999999476e+03 1.059244999999999992e+00
7.135521999999999935e+03 1.059155999999999986e+00
7.135623999999999796e+03 1.059077999999999964e+00
7.135724000000000160e+03 1.057731999999999895e+00
7.135824999999999818e+03 1.057819000000000065e+00
7.135927999999999884e+03 1.058243000000000045e+00
7.136027000000000044e+03 1.057860000000000023e+00
7.136129999999999200e+03 1.057514999999999983e+00
7.136230000000000473e+03 1.056670999999999916e+00
7.136328999999999724e+03 1.056349999999999900e+00
7.136431999999999789e+03 1.054999999999999938e+00
7.136529999999999745e+03 1.055252999999999997e+00
7.136627999999999702e+03 1.054032000000000080e+00
7.136720000000000255e+03 1.054221000000000075e+00
7.136814000000000306e+03 1.052556999999999965e+00
7.136912999999999556e+03 1.052448000000000050e+00
7.137010000000000218e+03 1.050821000000000005e+00
7.137112000000000080e+03 1.050345000000000084e+00
7.137210000000000036e+03 1.049930000000000030e+00
7.137307999999999993e+03 1.048716999999999899e+00
7.137405999999999949e+03 1.048782000000000103e+00
7.137501999999999498e+03 1.046186000000000060e+00
7.137601999999999862e+03 1.045754999999999990e+00
7.137704000000000633e+03 1.045902000000000109e+00
7.137807999999999993e+03 1.043198999999999987e+00
7.137914999999999964e+03 1.042893000000000070e+00
7.138015000000000327e+03 1.042130000000000001e+00
7.138118000000000393e+03 1.040608999999999895e+00
7.138219999999999345e+03 1.039271000000000056e+00
7.138323999999999614e+03 1.039153999999999911e+00
7.138429999999999382e+03 1.036402999999999963e+00
7.138525999999999840e+03 1.036397000000000013e+00
7.138623999999999796e+03 1.034521000000000024e+00
7.138721999999999753e+03 1.032991999999999910e+00
7.138818999999999505e+03 1.031558999999999893e+00
7.138921000000000276e+03 1.030348999999999959e+00
7.139020000000000437e+03 1.029652000000000012e+00
7.139122999999999593e+03 1.026864999999999917e+00
7.139225999999999658e+03 1.025697999999999999e+00
7.139325000000000728e+03 1.024747000000000074e+00
7.139423999999999978e+03 1.022089000000000025e+00
7.139521000000000640e+03 1.020270000000000010e+00
7.139624000000000706e+03 1.019756000000000107e+00
7.139729000000000269e+03 1.017330999999999985e+00
7.139832000000000335e+03 1.016329999999999956e+00
7.139935999999999694e+03 1.014486999999999917e+00
7.140036000000000058e+03 1.014658999999999978e+00
7.140140999999999622e+03 1.012583999999999929e+00
7.140242999999999483e+03 1.010598000000000107e+00
7.140344000000000051e+03 1.008925000000000072e+00
7.140449000000000524e+03 1.007530000000000037e+00
7.140542999999999665e+03 1.005454999999999988e+00
7.140639000000000124e+03 1.004493000000000080e+00
7.140735000000000582e+03 1.002982999999999958e+00
7.140827999999999520e+03 1.001948000000000061e+00
7.140926000000000386e+03 9.991198000000000023e-01
7.141022999999999229e+03 9.981748999999999761e-01
7.141123999999999796e+03 9.981495000000000228e-01
7.141224000000000160e+03 9.949820999999999804e-01
7.141317000000000007e+03 9.936709999999999710e-01
7.141414999999999964e+03 9.933674999999999589e-01
7.141511999999999716e+03 9.923773999999999651e-01
7.141613000000000284e+03 9.904642999999999642e-01
7.141714999999999236e+03 9.888605000000000311e-01
7.141816000000000713e+03 9.886141000000000512e-01
7.141921000000000276e+03 9.873024999999999718e-01
7.142019999999999527e+03 9.849909000000000026e-01
7.142121000000000095e+03 9.844127000000000294e-01
7.142223999999999251e+03 9.844026000000000165e-01
7.142323000000000320e+03 9.828445999999999572e-01
7.142425000000000182e+03 9.807483999999999646e-01
7.142523000000000138e+03 9.804043999999999537e-01
7.142619999999999891e+03 9.795814000000000465e-01
7.142716000000000349e+03 9.779533000000000253e-01
7.142807999999999993e+03 9.774859999999999660e-01
7.142909000000000560e+03 9.767215000000000202e-01
7.143007999999999811e+03 9.743321999999999816e-01
7.143106999999999971e+03 9.745468000000000464e-01
7.143208999999999833e+03 9.740020999999999818e-01
7.143304999999999382e+03 9.719284000000000256e-01
7.143404000000000451e+03 9.707209999999999450e-01
7.143501999999999498e+03 9.698200999999999627e-01
7.143604000000000269e+03 9.696099000000000245e-01
7.143709999999999127e+03 9.680279999999999996e-01
7.143814999999999600e+03 9.673810000000000464e-01
7.143921999999999571e+03 9.663745999999999725e-01
7.144023000000000138e+03 9.646913999999999767e-01
7.144125000000000000e+03 9.633893999999999513e-01
7.144230000000000473e+03 9.630805000000000060e-01
7.144335000000000036e+03 9.625620999999999761e-01
7.144440999999999804e+03 9.615076999999999652e-01
7.144537999999999556e+03 9.604808000000000234e-01
7.144635000000000218e+03 9.595628999999999964e-01
7.144733999999999469e+03 9.589005000000000445e-01
7.144831000000000131e+03 9.562865000000000393e-01
7.144932999999999993e+03 9.572656999999999972e-01
7.145031999999999243e+03 9.571709999999999940e-01
7.145134000000000015e+03 9.561378000000000377e-01
7.145238000000000284e+03 9.539606000000000474e-01
7.145335000000000036e+03 9.537098999999999993e-01
7.145432999999999993e+03 9.527052999999999772e-01
7.145528999999999542e+03 9.523829000000000322e-01
7.145632999999999811e+03 9.529246999999999579e-01
7.145740999999999985e+03 9.519140000000000379e-01
7.145842999999999847e+03 9.508014000000000188e-01
7.145945000000000618e+03 9.500473000000000390e-01
7.146043999999999869e+03 9.495991000000000293e-01
7.146143999999999323e+03 9.492169000000000301e-01
7.146247999999999593e+03 9.475002000000000146e-01
7.146347999999999956e+03 9.488440999999999681e-01
7.146448999999999614e+03 9.469528000000000389e-01
7.146543000000000575e+03 9.468948000000000365e-01
7.146636000000000422e+03 9.466632999999999853e-01
7.146733000000000175e+03 9.454485999999999724e-01
7.146826000000000022e+03 9.452034999999999743e-01
7.146921999999999571e+03 9.446029000000000231e-01
7.147020000000000437e+03 9.448984000000000272e-01
7.147119999999999891e+03 9.447138000000000480e-01
7.147221999999999753e+03 9.422939999999999650e-01
7.147314999999999600e+03 9.430775000000000130e-01
7.147411000000000058e+03 9.436712000000000433e-01
7.147509999999999309e+03 9.421159999999999535e-01
7.147608000000000175e+03 9.423316000000000470e-01
7.147713000000000648e+03 9.411410999999999527e-01
7.147814000000000306e+03 9.414481000000000099e-01
7.147914999999999964e+03 9.408919000000000032e-01
7.148016000000000531e+03 9.412443000000000337e-01
7.148115999999999985e+03 9.411281000000000230e-01
7.148221000000000458e+03 9.402274000000000465e-01
7.148318999999999505e+03 9.389648000000000438e-01
7.148421000000000276e+03 9.409756000000000231e-01
7.148520999999999731e+03 9.403496000000000077e-01
7.148615000000000691e+03 9.400205000000000366e-01
7.148710999999999331e+03 9.395046000000000230e-01
7.148802999999999884e+03 9.389115000000000100e-01
7.148902000000000044e+03 9.388324999999999587e-01
7.149003999999999905e+03 9.372568000000000010e-01
7.149101999999999862e+03 9.392787000000000219e-01
7.149206999999999425e+03 9.385141999999999651e-01
7.149305000000000291e+03 9.381602999999999470e-01
7.149403000000000247e+03 9.363932000000000366e-01
7.149505000000000109e+03 9.376394000000000117e-01
7.149604000000000269e+03 9.379324999999999468e-01
7.149710000000000036e+03 9.354090999999999934e-01
7.149815000000000509e+03 9.367383999999999711e-01
7.149921000000000276e+03 9.365584000000000131e-01
7.150023000000000138e+03 9.362502000000000324e-01
7.150122999999999593e+03 9.346837000000000062e-01
7.150229999999999563e+03 9.360484999999999500e-01
7.150332999999999629e+03 9.355409000000000086e-01
7.150434999999999491e+03 9.343046000000000406e-01
7.150537000000000262e+03 9.348724000000000478e-01
7.150631999999999607e+03 9.345609000000000277e-01
7.150730000000000473e+03 9.345575000000000410e-01
7.150824999999999818e+03 9.338454000000000477e-01
7.150923999999999978e+03 9.342781000000000002e-01
7.151025999999999840e+03 9.340865999999999891e-01
7.151123000000000502e+03 9.341625000000000068e-01
7.151226000000000568e+03 9.343972999999999862e-01
7.151323999999999614e+03 9.351949000000000511e-01
7.151418999999999869e+03 9.342698000000000391e-01
7.151519000000000233e+03 9.339511000000000340e-01
7.151618000000000393e+03 9.347581000000000362e-01
7.151724000000000160e+03 9.348604000000000358e-01
7.151827000000000226e+03 9.338752000000000164e-01
7.151925999999999476e+03 9.347421000000000202e-01
7.152028999999999542e+03 9.346700999999999482e-01
7.152126000000000204e+03 9.348421999999999565e-01
7.152228000000000065e+03 9.341968000000000494e-01
7.152329999999999927e+03 9.358425000000000216e-01
7.152426000000000386e+03 9.348328000000000193e-01
7.152524999999999636e+03 9.349941000000000502e-01
7.152619999999999891e+03 9.367683999999999456e-01
7.152715999999999440e+03 9.356438999999999728e-01
7.152810999999999694e+03 9.363884000000000096e-01
7.152905999999999949e+03 9.371013999999999733e-01
7.153007999999999811e+03 9.372114999999999752e-01
7.153106999999999971e+03 9.384658999999999640e-01
7.153204999999999927e+03 9.378535000000000066e-01
7.153301999999999680e+03 9.391332000000000013e-01
7.153396999999999935e+03 9.395196999999999576e-01
7.153495999999999185e+03 9.393852999999999787e-01
7.153592999999999847e+03 9.396879000000000204e-01
7.153697000000000116e+03 9.414751000000000092e-01
7.153804000000000087e+03 9.410275999999999641e-01
7.153903999999999542e+03 9.400585000000000191e-01
7.154006999999999607e+03 9.417558999999999791e-01
7.154105999999999767e+03 9.414578000000000113e-01
7.154207000000000335e+03 9.420534999999999881e-01
7.154310999999999694e+03 9.426307999999999909e-01
7.154410000000000764e+03 9.439102000000000325e-01
7.154512000000000626e+03 9.444483000000000184e-01
7.154607999999999265e+03 9.438921999999999590e-01
7.154702999999999520e+03 9.453300000000000036e-01
7.154802999999999884e+03 9.459878999999999927e-01
7.154900999999999840e+03 9.469300000000000495e-01
7.155005000000000109e+03 9.474407000000000245e-01
7.155105999999999767e+03 9.477238999999999525e-01
7.155206999999999425e+03 9.484517000000000087e-01
7.155307999999999993e+03 9.500579000000000107e-01
7.155404999999999745e+03 9.506276999999999644e-01
7.155507999999999811e+03 9.511559000000000541e-01
7.155610000000000582e+03 9.509235999999999800e-01
7.155713999999999942e+03 9.522844999999999782e-01
7.155822999999999411e+03 9.523793999999999871e-01
7.155926000000000386e+03 9.538558999999999788e-01
7.156030000000000655e+03 9.531646999999999759e-01
7.156132000000000517e+03 9.540100999999999720e-01
7.156234000000000378e+03 9.550849999999999618e-01
7.156342000000000553e+03 9.553584000000000520e-01
7.156439999999999600e+03 9.565221000000000418e-01
7.156539000000000669e+03 9.568480999999999792e-01
7.156634999999999309e+03 9.578875000000000028e-01
7.156729999999999563e+03 9.580435999999999952e-01
7.156831000000000131e+03 9.592521999999999993e-01
7.156927999999999884e+03 9.586358999999999853e-01
7.157028000000000247e+03 9.608581999999999956e-01
7.157126000000000204e+03 9.607360000000000344e-01
7.157226999999999862e+03 9.614928999999999837e-01
7.157327999999999520e+03 9.618109999999999715e-01
7.157422000000000480e+03 9.624692000000000247e-01
7.157519999999999527e+03 9.622735000000000039e-01
7.157619999999999891e+03 9.643796000000000035e-01
7.157721999999999753e+03 9.649140999999999968e-01
7.157827000000000226e+03 9.644810000000000327e-01
7.157926999999999680e+03 9.648955999999999644e-01
7.158025000000000546e+03 9.659419999999999673e-01
7.158127000000000407e+03 9.658588000000000173e-01
7.158228000000000065e+03 9.666451000000000349e-01
7.158332999999999629e+03 9.690294999999999881e-01
7.158431000000000495e+03 9.683865999999999863e-01
7.158527999999999338e+03 9.683920000000000305e-01
7.158626000000000204e+03 9.688379000000000296e-01
7.158719999999999345e+03 9.694538999999999795e-01
7.158815999999999804e+03 9.697620999999999603e-01
7.158912000000000262e+03 9.709297999999999540e-01
7.159010999999999513e+03 9.724699999999999456e-01
7.159112999999999374e+03 9.722045999999999744e-01
7.159210000000000036e+03 9.734291000000000471e-01
7.159310999999999694e+03 9.738038999999999445e-01
7.159407000000000153e+03 9.745270999999999795e-01
7.159503999999999905e+03 9.736386999999999681e-01
7.159606999999999971e+03 9.755070000000000130e-01
7.159709999999999127e+03 9.772710999999999482e-01
7.159814999999999600e+03 9.768485000000000085e-01
7.159914999999999964e+03 9.762233999999999634e-01
7.160016999999999825e+03 9.776839000000000501e-01
7.160119999999999891e+03 9.782781000000000393e-01
7.160220000000000255e+03 9.795859000000000094e-01
7.160325000000000728e+03 9.793692999999999982e-01
7.160429000000000087e+03 9.815064000000000011e-01
7.160529000000000451e+03 9.807358000000000464e-01
7.160628999999999905e+03 9.816257999999999928e-01
7.160722999999999956e+03 9.830250000000000377e-01
7.160821999999999207e+03 9.829187999999999814e-01
7.160921000000000276e+03 9.841193000000000302e-01
7.161021999999999935e+03 9.852064999999999850e-01
7.161127999999999702e+03 9.864840999999999749e-01
7.161225999999999658e+03 9.854897999999999714e-01
7.161326000000000022e+03 9.862528999999999879e-01
7.161425000000000182e+03 9.874986999999999515e-01
7.161525999999999840e+03 9.881870999999999849e-01
7.161630000000000109e+03 9.878869999999999596e-01
7.161733000000000175e+03 9.887053000000000091e-01
7.161838999999999942e+03 9.908407999999999660e-01
7.161943000000000211e+03 9.904218000000000188e-01
7.162042999999999665e+03 9.902237999999999873e-01
7.162145999999999731e+03 9.918145999999999907e-01
7.162245000000000800e+03 9.921113999999999766e-01
7.162350000000000364e+03 9.931984999999999841e-01
7.162453000000000429e+03 9.924811999999999523e-01
7.162550000000000182e+03 9.949949999999999628e-01
7.162648000000000138e+03 9.951016000000000306e-01
7.162739000000000487e+03 9.943570000000000464e-01
7.162836000000000240e+03 9.943792000000000186e-01
7.162936000000000604e+03 9.976703000000000099e-01
7.163033000000000357e+03 9.971712999999999827e-01
7.163134000000000015e+03 9.979052999999999951e-01
7.163230999999999767e+03 9.986401000000000305e-01
7.163327000000000226e+03 9.988764999999999450e-01
7.163422999999999774e+03 9.991872000000000531e-01
7.163516999999999825e+03 9.992758999999999947e-01
7.163618999999999687e+03 1.001214999999999966e+00
7.163719999999999345e+03 1.001652999999999905e+00
7.163822999999999411e+03 1.002048000000000050e+00
7.163927999999999884e+03 1.003017999999999965e+00
7.164025999999999840e+03 1.002547999999999995e+00
7.164127999999999702e+03 1.004118000000000066e+00
7.164229999999999563e+03 1.002974999999999950e+00
7.164331000000000131e+03 1.004207999999999990e+00
7.164434000000000196e+03 1.005945000000000089e+00
7.164528999999999542e+03 1.004812000000000038e+00
7.164627000000000407e+03 1.006165999999999894e+00
7.164721000000000458e+03 1.006623999999999963e+00
7.164814999999999600e+03 1.006955999999999962e+00
7.164916000000000167e+03 1.007832000000000061e+00
7.165011999999999716e+03 1.007376000000000049e+00
7.165113999999999578e+03 1.009285999999999905e+00
7.165215000000000146e+03 1.008467000000000002e+00
7.165311999999999898e+03 1.009832999999999981e+00
7.165412000000000262e+03 1.010118000000000071e+00
7.165505999999999403e+03 1.010180000000000078e+00
7.165608000000000175e+03 1.011783000000000099e+00
7.165711000000000240e+03 1.011789999999999967e+00
7.165813000000000102e+03 1.012132999999999949e+00
7.165921000000000276e+03 1.012207999999999997e+00
7.166024000000000342e+03 1.014019000000000004e+00
7.166127000000000407e+03 1.013818000000000108e+00
7.166230999999999767e+03 1.014706000000000108e+00
7.166332999999999629e+03 1.015497000000000094e+00
7.166439999999999600e+03 1.014915999999999929e+00
7.166539000000000669e+03 1.016793000000000058e+00
7.166636999999999716e+03 1.016528000000000098e+00
7.166737999999999374e+03 1.016836000000000073e+00
7.166832000000000335e+03 1.018264000000000058e+00
7.166932999999999993e+03 1.018010999999999999e+00
7.167034999999999854e+03 1.018675999999999915e+00
7.167137999999999920e+03 1.019133999999999984e+00
7.167240999999999985e+03 1.018013999999999974e+00
7.167337999999999738e+03 1.020024000000000042e+00
7.167439999999999600e+03 1.019913000000000070e+00
7.167538000000000466e+03 1.020572000000000035e+00
7.167636999999999716e+03 1.021878000000000064e+00
7.167741999999999280e+03 1.021949999999999914e+00
7.167844000000000051e+03 1.021719000000000044e+00
7.167949999999999818e+03 1.021927999999999948e+00
7.168052000000000589e+03 1.020969999999999933e+00
7.168150999999999840e+03 1.022218000000000071e+00
7.168256000000000313e+03 1.022405999999999926e+00
7.168354000000000269e+03 1.022844000000000086e+00
7.168459000000000742e+03 1.022521999999999931e+00
7.168560000000000400e+03 1.023308000000000106e+00
7.168653000000000247e+03 1.023937000000000097e+00
7.168748999999999796e+03 1.023748000000000102e+00
7.168840999999999440e+03 1.023870000000000058e+00
7.168940000000000509e+03 1.023287999999999975e+00
7.169038999999999760e+03 1.024261000000000088e+00
7.169135999999999513e+03 1.025898999999999894e+00
7.169238000000000284e+03 1.023106999999999989e+00
7.169332999999999629e+03 1.025387000000000048e+00
7.169430000000000291e+03 1.025800999999999963e+00
7.169528999999999542e+03 1.028621999999999925e+00
7.169627000000000407e+03 1.027357999999999993e+00
7.169730999999999767e+03 1.024261000000000088e+00
7.169832999999999629e+03 1.022672000000000025e+00
7.169935999999999694e+03 1.025347000000000008e+00
7.170037999999999556e+03 1.027365000000000084e+00
7.170134000000000015e+03 1.026197000000000026e+00
7.170238000000000284e+03 1.026459000000000010e+00
7.170340999999999440e+03 1.027635999999999994e+00
7.170442000000000007e+03 1.026505000000000001e+00
7.170543999999999869e+03 1.026810999999999918e+00
7.170637999999999920e+03 1.028224000000000027e+00
7.170734999999999673e+03 1.027611999999999970e+00
7.170831000000000131e+03 1.029544999999999932e+00
7.170926999999999680e+03 1.028831999999999969e+00
7.171028999999999542e+03 1.028874000000000066e+00
7.171127000000000407e+03 1.029374000000000011e+00
7.171229000000000269e+03 1.028837000000000002e+00
7.171328999999999724e+03 1.029338000000000086e+00
7.171425000000000182e+03 1.030909999999999993e+00
7.171527000000000044e+03 1.030294999999999961e+00
7.171627999999999702e+03 1.031111000000000111e+00
7.171734999999999673e+03 1.031414000000000053e+00
7.171840000000000146e+03 1.032772999999999941e+00
7.171942000000000007e+03 1.032574000000000103e+00
7.172050999999999476e+03 1.031612999999999891e+00
7.172152999999999338e+03 1.033722999999999947e+00
7.172256000000000313e+03 1.032901000000000069e+00
7.172362999999999374e+03 1.032392999999999894e+00
7.172463999999999942e+03 1.033517000000000019e+00
7.172568000000000211e+03 1.033824999999999994e+00
7.172666000000000167e+03 1.032998000000000083e+00
7.172764000000000124e+03 1.033193999999999946e+00
7.172862000000000080e+03 1.034785000000000066e+00
7.172958000000000538e+03 1.034691999999999945e+00
7.173063000000000102e+03 1.034594999999999931e+00
7.173162999999999556e+03 1.035164999999999891e+00
7.173263000000000829e+03 1.034208000000000016e+00
7.173363000000000284e+03 1.034500999999999893e+00
7.173458999999999833e+03 1.034445999999999977e+00
7.173561000000000604e+03 1.034640000000000004e+00
7.173661000000000058e+03 1.035309999999999953e+00
7.173761999999999716e+03 1.033747999999999889e+00
7.173867999999999483e+03 1.034324000000000021e+00
7.173968000000000757e+03 1.035984999999999934e+00
7.174072000000000116e+03 1.034510999999999958e+00
7.174173999999999978e+03 1.033964000000000105e+00
7.174271999999999935e+03 1.035824999999999996e+00
7.174375000000000000e+03 1.035276000000000085e+00
7.174472999999999956e+03 1.033816999999999986e+00
7.174572999999999411e+03 1.034450000000000092e+00
7.174667999999999665e+03 1.034729999999999928e+00
7.174759000000000015e+03 1.035045999999999911e+00
7.174856999999999971e+03 1.033455000000000013e+00
7.174951000000000022e+03 1.033693999999999891e+00
7.175049999999999272e+03 1.033600999999999992e+00
7.175152000000000044e+03 1.032415000000000083e+00
7.175250000000000000e+03 1.033468999999999971e+00
7.175349999999999454e+03 1.033066000000000040e+00
7.175445999999999913e+03 1.032969000000000026e+00
7.175542000000000371e+03 1.032207000000000097e+00
7.175640999999999622e+03 1.033172999999999897e+00
7.175739000000000487e+03 1.033806999999999920e+00
7.175845000000000255e+03 1.032164999999999999e+00
7.175947000000000116e+03 1.032113999999999976e+00
7.176046999999999571e+03 1.032655000000000101e+00
7.176149999999999636e+03 1.031007000000000007e+00
7.176249000000000706e+03 1.030596000000000068e+00
7.176355000000000473e+03 1.032461000000000073e+00
7.176456000000000131e+03 1.032111000000000001e+00
7.176555999999999585e+03 1.030200000000000005e+00
7.176656999999999243e+03 1.031103000000000103e+00
7.176750000000000000e+03 1.031360000000000054e+00
7.176846000000000458e+03 1.030046000000000017e+00
7.176942000000000007e+03 1.030575000000000019e+00
7.177039999999999964e+03 1.030810000000000004e+00
7.177145999999999731e+03 1.030539000000000094e+00
7.177247999999999593e+03 1.028092000000000006e+00
7.177350999999999658e+03 1.029578000000000104e+00
7.177449000000000524e+03 1.030172000000000088e+00
7.177543999999999869e+03 1.028861000000000026e+00
7.177648999999999432e+03 1.027927999999999953e+00
7.177752999999999702e+03 1.029533999999999949e+00
7.177858999999999469e+03 1.029606000000000021e+00
7.177965999999999440e+03 1.027849000000000013e+00
7.178067000000000007e+03 1.029241000000000072e+00
7.178171999999999571e+03 1.029282999999999948e+00
7.178274000000000342e+03 1.027671999999999919e+00
7.178378999999999905e+03 1.027199999999999891e+00
7.178483000000000175e+03 1.028415999999999997e+00
7.178582999999999629e+03 1.028729999999999922e+00
7.178685999999999694e+03 1.028092999999999924e+00
7.178782000000000153e+03 1.027423999999999893e+00
7.178875000000000000e+03 1.028961000000000015e+00
7.178974000000000160e+03 1.027490999999999932e+00
7.179072000000000116e+03 1.026988000000000012e+00
7.179177000000000589e+03 1.027258999999999922e+00
7.179277000000000044e+03 1.028445999999999971e+00
7.179373999999999796e+03 1.026953999999999922e+00
7.179472999999999956e+03 1.027797000000000072e+00
7.179567000000000007e+03 1.027293000000000012e+00
7.179668999999999869e+03 1.025794000000000095e+00
7.179773000000000138e+03 1.027303000000000077e+00
7.179872999999999593e+03 1.027395000000000058e+00
7.179976999999999862e+03 1.026475000000000026e+00
7.180077000000000226e+03 1.026149999999999896e+00
7.180176999999999680e+03 1.026583999999999941e+00
7.180277000000000044e+03 1.026855000000000073e+00
7.180373999999999796e+03 1.026475000000000026e+00
7.180479000000000269e+03 1.025976999999999917e+00
7.180576000000000022e+03 1.027098999999999984e+00
7.180673999999999978e+03 1.025293000000000010e+00
7.180773000000000138e+03 1.024583999999999939e+00
7.180865999999999985e+03 1.025025000000000075e+00
7.180963000000000648e+03 1.026715999999999962e+00
7.181059000000000196e+03 1.025981999999999950e+00
7.181158999999999651e+03 1.024391999999999969e+00
7.181260000000000218e+03 1.025376999999999983e+00
7.181355999999999767e+03 1.025700999999999974e+00
7.181457000000000335e+03 1.024272000000000071e+00
7.181551999999999680e+03 1.024656000000000011e+00
7.181648000000000138e+03 1.024218999999999991e+00
7.181751000000000204e+03 1.025114000000000081e+00
7.181850999999999658e+03 1.024226999999999999e+00
7.181957999999999629e+03 1.024194999999999967e+00
7.182061999999999898e+03 1.024604000000000070e+00
7.182161000000000058e+03 1.023217999999999961e+00
7.182265000000000327e+03 1.023538000000000059e+00
7.182363999999999578e+03 1.024119000000000002e+00
7.182466999999999643e+03 1.022043000000000035e+00
7.182569999999999709e+03 1.022820999999999980e+00
7.182668999999999869e+03 1.023284000000000082e+00
7.182769999999999527e+03 1.023330999999999991e+00
7.182867000000000189e+03 1.021449999999999969e+00
7.182965000000000146e+03 1.021822999999999926e+00
7.183064999999999600e+03 1.021511000000000058e+00
7.183163999999999760e+03 1.021992999999999929e+00
7.183269000000000233e+03 1.019721000000000100e+00
7.183372000000000298e+03 1.020318999999999976e+00
7.183471999999999753e+03 1.021813000000000082e+00
7.183570999999999913e+03 1.019635000000000069e+00
7.183667999999999665e+03 1.020923999999999943e+00
7.183773000000000138e+03 1.020237999999999978e+00
7.183875999999999294e+03 1.019714999999999927e+00
7.183981999999999971e+03 1.019566999999999890e+00
7.184087999999999738e+03 1.018829999999999902e+00
7.184188000000000102e+03 1.019870999999999972e+00
7.184295000000000073e+03 1.018186999999999953e+00
7.184396999999999935e+03 1.017608000000000068e+00
7.184498999999999796e+03 1.017948000000000075e+00
7.184604000000000269e+03 1.017983000000000082e+00
7.184700000000000728e+03 1.016380999999999979e+00
7.184798999999999978e+03 1.017659000000000091e+00
7.184895000000000437e+03 1.016089000000000020e+00
7.184988999999999578e+03 1.015530000000000044e+00
7.185090000000000146e+03 1.015018999999999894e+00
7.185185999999999694e+03 1.016796999999999951e+00
7.185288999999999760e+03 1.014602000000000004e+00
7.185391000000000531e+03 1.014721999999999902e+00
7.185484999999999673e+03 1.014569000000000054e+00
7.185583000000000538e+03 1.013921999999999990e+00
7.185676999999999680e+03 1.013500000000000068e+00
7.185777000000000044e+03 1.014785999999999966e+00
7.185878999999999905e+03 1.014127000000000001e+00
7.185978000000000065e+03 1.013276999999999983e+00
7.186082999999999629e+03 1.013087000000000071e+00
7.186181000000000495e+03 1.014016999999999946e+00
7.186280999999999949e+03 1.012801999999999980e+00
7.186385999999999513e+03 1.011797999999999975e+00
7.186486000000000786e+03 1.013222000000000067e+00
7.186588000000000648e+03 1.011856000000000089e+00
7.186685999999999694e+03 1.011781000000000041e+00
7.186783000000000357e+03 1.010169000000000095e+00
7.186880000000000109e+03 1.012520000000000087e+00
7.186971999999999753e+03 1.011727999999999961e+00
7.187071000000000822e+03 1.010076999999999892e+00
7.187168999999999869e+03 1.010853000000000002e+00
7.187266000000000531e+03 1.012034000000000100e+00
7.187369999999999891e+03 1.010227999999999904e+00
7.187465999999999440e+03 1.010367999999999933e+00
7.187565000000000509e+03 1.011007999999999907e+00
7.187662999999999556e+03 1.011365000000000069e+00
7.187761000000000422e+03 1.010032999999999959e+00
7.187865999999999985e+03 1.009825999999999890e+00
7.187965000000000146e+03 1.011600000000000055e+00
7.188068000000000211e+03 1.010394000000000014e+00
7.188170999999999367e+03 1.009107999999999894e+00
7.188271000000000640e+03 1.010240999999999945e+00
7.188376000000000204e+03 1.009732000000000074e+00
7.188478000000000065e+03 1.009282000000000012e+00
7.188581000000000131e+03 1.009214999999999973e+00
7.188684000000000196e+03 1.008906999999999998e+00
7.188780999999999949e+03 1.008504999999999985e+00
7.188881000000000313e+03 1.007023999999999919e+00
7.188978000000000065e+03 1.008664000000000005e+00
7.189076000000000022e+03 1.008353999999999973e+00
7.189176999999999680e+03 1.007961000000000107e+00
7.189275000000000546e+03 1.007989000000000024e+00
7.189377000000000407e+03 1.008985000000000021e+00
7.189478000000000065e+03 1.008618000000000015e+00
7.189576000000000022e+03 1.008086000000000038e+00
7.189676000000000386e+03 1.008599000000000023e+00
7.189773000000000138e+03 1.009889000000000037e+00
7.189877000000000407e+03 1.007592999999999961e+00
7.189984000000000378e+03 1.008741000000000110e+00
7.190086000000000240e+03 1.007938999999999918e+00
7.190190000000000509e+03 1.008561999999999959e+00
7.190287999999999556e+03 1.007198999999999955e+00
7.190389999999999418e+03 1.009225999999999956e+00
7.190492000000000189e+03 1.009026999999999896e+00
7.190592999999999847e+03 1.007492999999999972e+00
7.190695999999999913e+03 1.008853999999999917e+00
7.190791000000000167e+03 1.008316999999999908e+00
7.190886999999999716e+03 1.007114999999999982e+00
7.190985000000000582e+03 1.007797000000000054e+00
7.191076000000000022e+03 1.009119000000000099e+00
7.191173999999999978e+03 1.009233000000000047e+00
7.191271999999999935e+03 1.007163000000000030e+00
7.191369999999999891e+03 1.008547000000000082e+00
7.191470000000000255e+03 1.009679999999999911e+00
7.191564999999999600e+03 1.008013999999999966e+00
7.191659999999999854e+03 1.006930000000000103e+00
7.191754000000000815e+03 1.008507999999999960e+00
7.191853000000000065e+03 1.008590000000000098e+00
7.191957999999999629e+03 1.005913999999999975e+00
7.192059000000000196e+03 1.007408999999999999e+00
7.192160000000000764e+03 1.008232999999999935e+00
7.192260000000000218e+03 1.006561000000000039e+00
7.192359999999999673e+03 1.006293000000000104e+00
7.192462999999999738e+03 1.007493999999999890e+00
7.192561999999999898e+03 1.007870999999999961e+00
7.192662000000000262e+03 1.005457999999999963e+00
7.192761999999999716e+03 1.007932000000000050e+00
7.192856999999999971e+03 1.007074000000000025e+00
7.192953000000000429e+03 1.005660999999999916e+00
7.193046999999999571e+03 1.004062999999999928e+00
7.193141999999999825e+03 1.007732000000000072e+00
7.193242999999999483e+03 1.006666999999999978e+00
7.193342000000000553e+03 1.005975000000000064e+00
7.193443000000000211e+03 1.005662000000000056e+00
7.193539999999999964e+03 1.006715999999999944e+00
7.193634999999999309e+03 1.005115999999999898e+00
7.193735000000000582e+03 1.004421000000000008e+00
7.193831000000000131e+03 1.005408000000000079e+00
7.193932999999999993e+03 1.006804999999999950e+00
7.194039999999999964e+03 1.003994999999999971e+00
7.194143999999999323e+03 1.005635999999999974e+00
7.194251000000000204e+03 1.006067000000000045e+00
7.194351000000000568e+03 1.005500000000000060e+00
7.194454000000000633e+03 1.004297999999999913e+00
7.194557999999999993e+03 1.004612999999999978e+00
7.194658999999999651e+03 1.005309999999999926e+00
7.194764000000000124e+03 1.003654000000000046e+00
7.194862000000000080e+03 1.004556000000000004e+00
7.194956999999999425e+03 1.003913000000000055e+00
7.195056000000000495e+03 1.003919000000000006e+00
7.195153000000000247e+03 1.003092000000000095e+00
7.195255000000000109e+03 1.004388000000000059e+00
7.195354000000000269e+03 1.005298000000000025e+00
7.195454999999999927e+03 1.002415000000000056e+00
7.195559000000000196e+03 1.003001000000000031e+00
7.195654000000000451e+03 1.004064000000000068e+00
7.195750000000000000e+03 1.002666000000000057e+00
7.195849000000000160e+03 1.001786999999999983e+00
7.195948999999999614e+03 1.003130000000000077e+00
7.196055000000000291e+03 1.003444000000000003e+00
7.196157000000000153e+03 1.001438999999999968e+00
7.196259999999999309e+03 1.001875000000000071e+00
7.196359000000000378e+03 1.001994000000000051e+00
7.196457999999999629e+03 1.001762000000000041e+00
7.196563000000000102e+03 1.001006999999999980e+00
7.196663000000000466e+03 1.002105000000000024e+00
7.196761000000000422e+03 1.001330999999999971e+00
7.196858000000000175e+03 1.000525000000000109e+00
7.196951999999999316e+03 1.000275999999999943e+00
7.197047999999999774e+03 1.002019999999999911e+00
7.197142000000000735e+03 9.990194000000000019e-01
7.197234999999999673e+03 9.990649999999999809e-01
7.197335000000000036e+03 9.990400000000000391e-01
7.197434000000000196e+03 1.000275000000000025e+00
7.197534999999999854e+03 9.981986000000000470e-01
7.197631999999999607e+03 9.994498000000000548e-01
7.197722999999999956e+03 1.000010999999999983e+00
7.197822000000000116e+03 9.966760000000000064e-01
7.197918999999999869e+03 9.976435999999999638e-01
7.198020999999999731e+03 9.974317000000000322e-01
7.198122999999999593e+03 9.986021999999999954e-01
7.198222999999999956e+03 9.974996999999999892e-01
7.198326000000000022e+03 9.952703000000000522e-01
7.198422999999999774e+03 9.983087999999999962e-01
7.198524000000000342e+03 9.963144999999999918e-01
7.198626000000000204e+03 9.953541999999999668e-01
7.198724999999999454e+03 9.955756000000000050e-01
7.198827999999999520e+03 9.957382000000000177e-01
7.198925000000000182e+03 9.933762999999999899e-01
7.199019000000000233e+03 9.947791000000000272e-01
7.199114999999999782e+03 9.951314999999999467e-01
7.199207999999999629e+03 9.933245000000000546e-01
7.199309000000000196e+03 9.947721000000000480e-01
7.199409000000000560e+03 9.939947999999999562e-01
7.199507999999999811e+03 9.941706999999999628e-01
7.199610999999999876e+03 9.941628999999999605e-01
7.199708000000000538e+03 9.931737999999999955e-01
7.199809000000000196e+03 9.941328999999999860e-01
7.199907999999999447e+03 9.931457000000000201e-01
7.200008000000000720e+03 9.920820000000000194e-01
7.200115000000000691e+03 9.924119000000000135e-01
7.200217999999999847e+03 9.912176999999999794e-01
7.200324000000000524e+03 9.912636000000000225e-01
7.200426000000000386e+03 9.912377999999999467e-01
7.200523999999999432e+03 9.916943000000000286e-01
7.200630999999999403e+03 9.909213999999999523e-01
7.200733999999999469e+03 9.890925000000000411e-01
7.200836999999999534e+03 9.902573999999999543e-01
7.200935000000000400e+03 9.901351000000000457e-01
7.201031000000000859e+03 9.894384999999999986e-01
7.201132999999999811e+03 9.875663000000000080e-01
7.201226999999999862e+03 9.890510000000000135e-01
7.201323000000000320e+03 9.890550999999999648e-01
7.201425000000000182e+03 9.862579999999999680e-01
7.201523000000000138e+03 9.886177000000000437e-01
7.201623999999999796e+03 9.875779000000000085e-01
7.201721999999999753e+03 9.866532999999999554e-01
7.201817000000000007e+03 9.855327999999999866e-01
7.201916999999999462e+03 9.874819000000000235e-01
7.202012999999999920e+03 9.867934999999999901e-01
7.202117000000000189e+03 9.857913999999999843e-01
7.202220999999999549e+03 9.873220999999999803e-01
7.202319000000000415e+03 9.846038000000000290e-01
7.202420000000000073e+03 9.858875000000000277e-01
7.202516999999999825e+03 9.847399999999999487e-01
7.202615999999999985e+03 9.864136000000000015e-01
7.202716999999999643e+03 9.842484000000000233e-01
7.202815000000000509e+03 9.838219000000000269e-01
7.202914999999999964e+03 9.865711999999999815e-01
7.203010000000000218e+03 9.842592999999999481e-01
7.203104999999999563e+03 9.843376000000000348e-01
7.203199999999999818e+03 9.842096000000000178e-01
7.203291000000000167e+03 9.865017000000000369e-01
7.203389999999999418e+03 9.825614000000000292e-01
7.203490000000000691e+03 9.829113000000000433e-01
7.203588999999999942e+03 9.836715999999999793e-01
7.203688000000000102e+03 9.853296999999999750e-01
7.203780999999999949e+03 9.837156999999999707e-01
7.203877999999999702e+03 9.833102999999999705e-01
7.203974999999999454e+03 9.837293000000000287e-01
7.204074000000000524e+03 9.836451000000000500e-01
7.204177999999999884e+03 9.824853000000000058e-01
7.204278000000000247e+03 9.837186999999999459e-01
7.204379999999999200e+03 9.841457000000000122e-01
7.204481999999999971e+03 9.818413999999999753e-01
7.204578999999999724e+03 9.834302999999999795e-01
7.204681999999999789e+03 9.852225000000000010e-01
7.204782000000000153e+03 9.834445000000000547e-01
7.204882999999999811e+03 9.842969999999999775e-01
7.204983999999999469e+03 9.828107999999999844e-01
7.205077000000000226e+03 9.859179999999999611e-01
7.205174999999999272e+03 9.833697000000000132e-01
7.205273000000000138e+03 9.825057999999999847e-01
7.205369999999999891e+03 9.838892000000000193e-01
7.205474000000000160e+03 9.841877999999999460e-01
7.205573000000000320e+03 9.837101000000000317e-01
7.205672999999999774e+03 9.849763999999999742e-01
7.205771999999999935e+03 9.836757999999999891e-01
7.205869999999999891e+03 9.853332000000000201e-01
7.205970999999999549e+03 9.838694999999999524e-01
7.206069000000000415e+03 9.853589000000000375e-01
7.206171000000000276e+03 9.859662999999999622e-01
7.206279999999999745e+03 9.819946999999999981e-01
7.206382999999999811e+03 9.868259999999999810e-01
7.206485999999999876e+03 9.850115999999999872e-01
7.206585999999999331e+03 9.823726999999999876e-01
7.206689000000000306e+03 9.865888999999999909e-01
7.206795000000000073e+03 9.873214999999999630e-01
7.206893000000000029e+03 9.854981999999999909e-01
7.206992999999999483e+03 9.865774999999999961e-01
7.207088999999999942e+03 9.858670000000000488e-01
7.207185000000000400e+03 9.884587000000000234e-01
7.207284999999999854e+03 9.870562999999999976e-01
7.207380999999999403e+03 9.878552000000000444e-01
7.207478000000000065e+03 9.872541999999999707e-01
7.207576000000000022e+03 9.872929999999999762e-01
7.207675000000000182e+03 9.867869000000000224e-01
7.207775999999999840e+03 9.867531000000000496e-01
7.207869999999999891e+03 9.892923999999999607e-01
7.207965000000000146e+03 9.867272000000000265e-01
7.208061999999999898e+03 9.889168000000000402e-01
7.208159000000000560e+03 9.906962999999999742e-01
7.208262999999999920e+03 9.893290000000000139e-01
7.208364999999999782e+03 9.904962999999999962e-01
7.208463999999999942e+03 9.896846000000000254e-01
7.208565000000000509e+03 9.910432999999999604e-01
7.208663999999999760e+03 9.901132999999999740e-01
7.208766999999999825e+03 9.904777000000000164e-01
7.208866999999999280e+03 9.912750999999999646e-01
7.208962999999999738e+03 9.904557999999999973e-01
7.209064999999999600e+03 9.917004999999999848e-01
7.209161000000000058e+03 9.920965999999999951e-01
7.209255000000000109e+03 9.925131000000000370e-01
7.209348999999999251e+03 9.919795999999999614e-01
7.209444000000000415e+03 9.910875999999999575e-01
7.209545000000000073e+03 9.956987000000000476e-01
7.209641999999999825e+03 9.927329999999999766e-01
7.209742000000000189e+03 9.927105000000000512e-01
7.209841999999999643e+03 9.942113999999999674e-01
7.209933999999999287e+03 9.955956000000000250e-01
7.210033000000000357e+03 9.946053000000000255e-01
7.210132999999999811e+03 9.942088000000000036e-01
7.210233999999999469e+03 9.945992999999999640e-01
7.210338999999999942e+03 9.950590000000000268e-01
7.210439000000000306e+03 9.959278000000000297e-01
7.210543000000000575e+03 9.963052000000000019e-01
7.210641999999999825e+03 9.949196000000000151e-01
7.210742000000000189e+03 9.965138000000000051e-01
7.210849999999999454e+03 9.963899999999999979e-01
7.210951000000000022e+03 9.979120000000000212e-01
7.211052999999999884e+03 9.964083000000000245e-01
7.211153000000000247e+03 9.967770000000000241e-01
7.211246000000000095e+03 9.971765000000000212e-01
7.211345999999999549e+03 9.984117000000000131e-01
7.211444000000000415e+03 9.986083000000000043e-01
7.211545000000000073e+03 9.982022999999999868e-01
7.211646999999999935e+03 1.000720999999999972e+00
7.211744999999999891e+03 9.980636000000000507e-01
7.211849000000000160e+03 9.995171000000000472e-01
7.211947000000000116e+03 1.001297000000000104e+00
7.212045000000000073e+03 9.999295999999999740e-01
7.212146999999999935e+03 9.994100999999999679e-01
7.212247999999999593e+03 1.000116999999999923e+00
7.212353000000000065e+03 1.002000999999999920e+00
7.212454999999999927e+03 1.001182999999999934e+00
7.212556000000000495e+03 1.002515000000000045e+00
7.212659000000000560e+03 1.002053000000000083e+00
7.212756999999999607e+03 1.001243000000000105e+00
7.212860999999999876e+03 1.000034000000000090e+00
7.212965999999999440e+03 1.001800000000000024e+00
7.213064000000000306e+03 1.002669999999999950e+00
7.213163999999999760e+03 1.002839999999999954e+00
7.213256999999999607e+03 1.002277000000000085e+00
7.213352000000000771e+03 1.004213000000000022e+00
7.213449999999999818e+03 1.002701000000000064e+00
7.213543999999999869e+03 1.002531000000000061e+00
7.213644000000000233e+03 1.002963999999999967e+00
7.213740999999999985e+03 1.003284999999999982e+00
7.213838999999999942e+03 1.003972000000000087e+00
7.213939000000000306e+03 1.003112000000000004e+00
7.214032999999999447e+03 1.004048000000000052e+00
7.214128999999999905e+03 1.004615999999999953e+00
7.214228000000000065e+03 1.003644999999999898e+00
7.214329000000000633e+03 1.005282999999999927e+00
7.214434000000000196e+03 1.003781999999999952e+00
7.214533000000000357e+03 1.006804000000000032e+00
7.214632999999999811e+03 1.003983999999999988e+00
7.214734000000000378e+03 1.005416000000000087e+00
7.214832999999999629e+03 1.005525999999999920e+00
7.214936999999999898e+03 1.006173999999999902e+00
7.215036999999999352e+03 1.005932999999999966e+00
7.215136000000000422e+03 1.004666999999999977e+00
7.215235999999999876e+03 1.007058000000000009e+00
7.215328999999999724e+03 1.003479999999999928e+00
7.215425999999999476e+03 1.006871000000000071e+00
7.215518999999999323e+03 1.007392999999999983e+00
7.215615999999999985e+03 1.007150999999999907e+00
7.215720000000000255e+03 1.008296999999999999e+00
7.215817999999999302e+03 1.007298999999999944e+00
7.215917000000000371e+03 1.006113999999999953e+00
7.216014999999999418e+03 1.008706000000000103e+00
7.216109999999999673e+03 1.005951999999999957e+00
7.216210000000000036e+03 1.007325999999999944e+00
7.216309000000000196e+03 1.008153999999999995e+00
7.216414000000000669e+03 1.005420999999999898e+00
7.216521000000000640e+03 1.008321000000000023e+00
7.216622000000000298e+03 1.007592999999999961e+00
7.216726000000000568e+03 1.007028999999999952e+00
7.216824999999999818e+03 1.006669999999999954e+00
7.216926999999999680e+03 1.007214000000000054e+00
7.217032999999999447e+03 1.007954000000000017e+00
7.217135000000000218e+03 1.006297999999999915e+00
7.217237000000000080e+03 1.007633000000000001e+00
7.217332999999999629e+03 1.006107000000000085e+00
7.217429000000000087e+03 1.003781000000000034e+00
7.217529999999999745e+03 1.005772000000000110e+00
7.217627000000000407e+03 1.006380999999999970e+00
7.217730999999999767e+03 1.006342000000000070e+00
7.217831999999999425e+03 1.008027999999999924e+00
7.217927999999999884e+03 1.007778999999999980e+00
7.218029999999999745e+03 1.006741000000000108e+00
7.218126000000000204e+03 1.005163999999999946e+00
7.218224000000000160e+03 1.005284999999999984e+00
7.218323999999999614e+03 1.005034999999999901e+00
7.218423999999999978e+03 1.006320000000000103e+00
7.218533999999999651e+03 1.002882000000000051e+00
7.218636000000000422e+03 1.006350999999999996e+00
7.218734000000000378e+03 1.005819999999999936e+00
7.218835999999999331e+03 1.006512999999999991e+00
7.218932999999999993e+03 1.003160000000000052e+00
7.219034999999999854e+03 1.005694000000000088e+00
7.219137999999999920e+03 1.004315999999999987e+00
7.219233000000000175e+03 1.004097000000000017e+00
7.219331000000000131e+03 1.005708999999999964e+00
7.219425000000000182e+03 1.003975999999999980e+00
7.219520000000000437e+03 1.005533999999999928e+00
7.219617000000000189e+03 1.003841999999999901e+00
7.219711000000000240e+03 1.004137999999999975e+00
7.219811999999999898e+03 1.006942000000000004e+00
7.219911000000000058e+03 1.004917999999999978e+00
7.220009000000000015e+03 1.005714999999999915e+00
7.220106999999999971e+03 1.004021999999999970e+00
7.220199999999999818e+03 1.002888999999999919e+00
7.220298999999999978e+03 1.004094999999999960e+00
7.220396999999999935e+03 1.002965000000000106e+00
7.220498000000000502e+03 1.004253000000000062e+00
7.220604999999999563e+03 1.003142999999999896e+00
7.220703000000000429e+03 1.003425999999999929e+00
7.220802999999999884e+03 1.003951000000000038e+00
7.220904999999999745e+03 1.003662000000000054e+00
7.221005000000000109e+03 1.004642000000000035e+00
7.221106999999999971e+03 1.002955999999999959e+00
7.221203999999999724e+03 1.001970000000000027e+00
7.221304000000000087e+03 1.002990000000000048e+00
7.221402999999999338e+03 1.001114999999999977e+00
7.221496000000000095e+03 1.002127999999999908e+00
7.221593000000000757e+03 1.001049000000000078e+00
7.221689999999999600e+03 1.002761000000000013e+00
7.221788000000000466e+03 1.001724000000000059e+00
7.221891000000000531e+03 1.001983000000000068e+00
7.221990999999999985e+03 1.003012000000000015e+00
7.222090999999999440e+03 1.000985999999999931e+00
7.222189000000000306e+03 1.001150999999999902e+00
7.222286000000000058e+03 1.001640000000000086e+00
7.222389999999999418e+03 1.001870999999999956e+00
7.222489000000000487e+03 1.002261999999999986e+00
7.222592999999999847e+03 1.001961000000000102e+00
7.222701000000000022e+03 1.000356999999999941e+00
7.222802999999999884e+03 1.001471000000000000e+00
7.222908000000000357e+03 1.000799999999999912e+00
7.223009000000000015e+03 9.998356999999999939e-01
7.223110999999999876e+03 1.000383000000000022e+00
7.223217999999999847e+03 1.001292000000000071e+00
7.223319000000000415e+03 9.966825000000000268e-01
7.223418999999999869e+03 1.001649999999999929e+00
7.223514000000000124e+03 1.000380999999999965e+00
7.223608999999999469e+03 9.999723000000000361e-01
7.223710999999999331e+03 9.953235999999999750e-01
7.223807999999999993e+03 9.991276000000000046e-01
7.223907999999999447e+03 9.986713999999999869e-01
7.224009000000000015e+03 9.968593000000000037e-01
7.224109000000000378e+03 9.987837000000000520e-01
7.224211000000000240e+03 9.980826000000000420e-01
7.224306000000000495e+03 9.997133000000000269e-01
7.224402999999999338e+03 9.989356999999999820e-01
7.224505000000000109e+03 9.977397000000000071e-01
7.224604000000000269e+03 9.992199999999999971e-01
7.224710000000000036e+03 9.954123999999999750e-01
7.224811999999999898e+03 9.966840999999999617e-01
7.224908000000000357e+03 9.980938999999999783e-01
7.225010000000000218e+03 9.980917999999999735e-01
7.225107999999999265e+03 9.955237999999999587e-01
7.225211999999999534e+03 9.958863999999999495e-01
7.225314000000000306e+03 9.954247000000000511e-01
7.225408999999999651e+03 9.945456000000000296e-01
7.225507999999999811e+03 9.977201999999999460e-01
7.225600000000000364e+03 9.943889999999999674e-01
7.225694999999999709e+03 9.950613000000000374e-01
7.225793000000000575e+03 9.952035000000000187e-01
7.225888999999999214e+03 9.946338999999999597e-01
7.225990000000000691e+03 9.940090000000000314e-01
7.226088999999999942e+03 9.923756999999999717e-01
7.226187000000000808e+03 9.931276999999999466e-01
7.226286000000000058e+03 9.941906999999999828e-01
7.226378999999999905e+03 9.940044000000000102e-01
7.226479000000000269e+03 9.920843000000000300e-01
7.226579999999999927e+03 9.912627000000000521e-01
7.226680000000000291e+03 9.935829000000000466e-01
7.226784999999999854e+03 9.904197000000000140e-01
7.226884000000000015e+03 9.898470000000000324e-01
7.226984999999999673e+03 9.941855000000000553e-01
7.227087000000000444e+03 9.915483000000000491e-01
7.227185999999999694e+03 9.922062000000000381e-01
7.227293000000000575e+03 9.895606999999999598e-01
7.227390999999999622e+03 9.941794000000000464e-01
7.227490000000000691e+03 9.880832999999999977e-01
7.227590000000000146e+03 9.887732999999999661e-01
7.227682999999999993e+03 9.904815000000000147e-01
7.227782000000000153e+03 9.872265000000000068e-01
7.227882000000000517e+03 9.875471000000000110e-01
7.227983000000000175e+03 9.880293999999999466e-01
7.228086000000000240e+03 9.868396000000000390e-01
7.228182999999999993e+03 9.874817000000000178e-01
7.228283000000000357e+03 9.884882999999999864e-01
7.228382999999999811e+03 9.862454999999999972e-01
7.228481000000000677e+03 9.891278999999999488e-01
7.228588999999999942e+03 9.851404999999999745e-01
7.228693000000000211e+03 9.859622000000000108e-01
7.228796000000000276e+03 9.860982000000000358e-01
7.228902000000000044e+03 9.837922000000000056e-01
7.229005000000000109e+03 9.857681000000000360e-01
7.229108000000000175e+03 9.862701999999999858e-01
7.229207999999999629e+03 9.833690999999999960e-01
7.229310999999999694e+03 9.850392999999999510e-01
7.229416999999999462e+03 9.840147000000000199e-01
7.229515000000000327e+03 9.857099000000000277e-01
7.229612999999999374e+03 9.823758000000000212e-01
7.229707000000000335e+03 9.866854000000000458e-01
7.229761999999999716e+03 9.833891999999999634e-01
7.229777000000000044e+03 9.852754000000000234e-01
