energy intensity
7.089873999999999796e+03 3.337263499999999772e-03
7.089875000000000000e+03 4.477690999999999789e-03
7.089899000000000342e+03 2.792408000000000130e-03
7.089970000000000255e+03 3.986314000000000350e-03
7.090059000000000196e+03 2.572496000000000071e-03
7.090156999999999243e+03 3.540779999999999882e-03
7.090260000000000218e+03 3.461338999999999909e-03
7.090363000000000284e+03 2.655222999999999958e-03
7.090469000000000051e+03 3.860680999999999922e-03
7.090568000000000211e+03 1.299175999999999977e-03
7.090671000000000276e+03 3.767140999999999892e-03
7.090774999999999636e+03 7.601177999999999884e-04
7.090874000000000706e+03 2.237935999999999832e-03
7.090976000000000568e+03 2.596960000000000154e-04
7.091071999999999207e+03 1.485385999999999998e-03
7.091168999999999869e+03 3.596715999999999802e-03
7.091266999999999825e+03 2.278838999999999951e-03
7.091358999999999469e+03 4.854334000000000079e-03
7.091456000000000131e+03 4.867357000000000107e-03
7.091551999999999680e+03 1.662125000000000082e-04
7.091650999999999840e+03 1.802276999999999916e-03
7.091751999999999498e+03 5.525703000000000515e-04
7.091846999999999753e+03 3.728447000000000185e-03
7.091947000000000116e+03 2.706735000000000044e-03
7.092042000000000371e+03 -1.618330000000000072e-04
7.092141999999999825e+03 -1.723058999999999997e-05
7.092246000000000095e+03 2.794743000000000140e-03
7.092346000000000458e+03 -1.932328000000000084e-03
7.092451999999999316e+03 2.060780999999999811e-03
7.092552999999999884e+03 1.070165000000000092e-03
7.092655999999999949e+03 8.620009000000000091e-04
7.092755999999999403e+03 -5.312313999999999838e-04
7.092856000000000677e+03 2.518809999999999799e-03
7.092961000000000240e+03 3.383426000000000142e-03
7.093057999999999993e+03 3.589654999999999973e-04
7.093153000000000247e+03 3.645549000000000098e-03
7.093247999999999593e+03 2.614163000000000077e-03
7.093344000000000051e+03 -4.113276999999999819e-04
7.093445999999999913e+03 1.853148999999999899e-03
7.093545000000000073e+03 -4.157311000000000339e-03
7.093646999999999935e+03 -1.717619000000000090e-03
7.093746000000000095e+03 -2.014679000000000123e-03
7.093842000000000553e+03 -1.855805000000000085e-03
7.093943999999999505e+03 4.895169000000000430e-04
7.094042000000000371e+03 -1.492786999999999977e-03
7.094147999999999229e+03 -8.183812000000000378e-04
7.094252000000000407e+03 -3.020032000000000185e-03
7.094358000000000175e+03 -1.668442999999999923e-03
7.094463999999999942e+03 -1.230002000000000005e-03
7.094563000000000102e+03 -1.307481000000000095e-03
7.094668999999999869e+03 4.027716999999999777e-04
7.094774000000000342e+03 -4.182860000000000050e-03
7.094877999999999702e+03 9.978776999999999005e-04
7.094981999999999971e+03 -4.278104999999999929e-03
7.095078000000000429e+03 1.447071999999999985e-03
7.095177999999999884e+03 -1.418928000000000073e-03
7.095273999999999432e+03 -1.274654999999999972e-03
7.095373000000000502e+03 -1.384025000000000099e-03
7.095475999999999658e+03 -2.283786999999999796e-03
7.095573999999999614e+03 -6.113242999999999976e-04
7.095679999999999382e+03 -1.043775999999999949e-03
7.095778000000000247e+03 2.383840999999999933e-04
7.095875999999999294e+03 -8.888881000000000386e-04
7.095975000000000364e+03 -1.962059999999999846e-03
7.096072999999999411e+03 9.973286000000000043e-04
7.096180999999999585e+03 -5.799979000000000245e-03
7.096287000000000262e+03 -3.172855999999999940e-03
7.096390000000000327e+03 -1.006327000000000003e-03
7.096489999999999782e+03 -5.129031000000000041e-03
7.096587999999999738e+03 -1.533403999999999930e-03
7.096693000000000211e+03 -1.779191000000000062e-03
7.096795000000000073e+03 -1.791966000000000088e-03
7.096895999999999731e+03 -3.755061000000000076e-03
7.096994999999999891e+03 -2.002804999999999863e-03
7.097089000000000851e+03 1.041236000000000071e-03
7.097185999999999694e+03 9.413102999999999922e-04
7.097279000000000451e+03 -2.039792999999999869e-04
7.097375999999999294e+03 -2.617466000000000150e-03
7.097476000000000568e+03 7.220923000000000185e-04
7.097576000000000022e+03 -4.191537999999999861e-03
7.097680000000000291e+03 -1.663980000000000016e-03
7.097775999999999840e+03 -2.619086000000000070e-03
7.097872999999999593e+03 -5.125494999999999877e-03
7.097971000000000458e+03 -3.993557000000000010e-03
7.098072000000000116e+03 -2.271976000000000204e-03
7.098179000000000087e+03 2.317402999999999943e-04
7.098279999999999745e+03 -4.655356000000000251e-03
7.098385000000000218e+03 -2.539061000000000009e-03
7.098487000000000080e+03 -3.562909999999999862e-03
7.098586000000000240e+03 8.527709999999999707e-05
7.098692000000000007e+03 5.397591999999999668e-04
7.098791000000000167e+03 -1.182464999999999948e-03
7.098893999999999323e+03 7.919978999999999951e-04
7.098995000000000800e+03 -4.577002000000000154e-03
7.099090000000000146e+03 1.869523999999999958e-04
7.099186999999999898e+03 -1.769029000000000088e-03
7.099280999999999949e+03 -3.935372000000000349e-03
7.099382000000000517e+03 -3.487894000000000064e-03
7.099484999999999673e+03 -3.504216000000000102e-03
7.099586000000000240e+03 -2.832646000000000187e-04
7.099690999999999804e+03 -3.701575999999999825e-03
7.099788000000000466e+03 -2.698218000000000057e-03
7.099890000000000327e+03 -2.281744999999999954e-03
7.099990999999999985e+03 -2.142019000000000215e-03
7.100092999999999847e+03 -4.869642999999999888e-03
7.100202999999999520e+03 -3.251392999999999991e-03
7.100307999999999993e+03 8.955845000000000038e-04
7.100414999999999964e+03 -3.161624999999999939e-03
7.100518000000000029e+03 -3.417887000000000095e-03
7.100619999999999891e+03 -3.250873000000000044e-03
7.100725999999999658e+03 -3.770669999999999838e-03
7.100827999999999520e+03 -2.977659000000000122e-03
7.100932000000000698e+03 -3.767398999999999835e-03
7.101028999999999542e+03 -2.539926000000000076e-03
7.101125000000000000e+03 -5.013064000000000235e-03
7.101225000000000364e+03 -4.541195999999999948e-03
7.101322000000000116e+03 -3.655888999999999840e-03
7.101426000000000386e+03 -1.493462000000000088e-03
7.101524999999999636e+03 -2.316713000000000192e-03
7.101625000000000000e+03 -1.281983999999999901e-03
7.101727999999999156e+03 -2.599409000000000008e-03
7.101823000000000320e+03 -4.222514000000000128e-03
7.101923999999999978e+03 -2.627646999999999882e-03
7.102023000000000138e+03 -1.408586999999999990e-03
7.102127000000000407e+03 -3.654572000000000029e-03
7.102234000000000378e+03 -1.988942000000000054e-03
7.102333999999999833e+03 -2.220077999999999895e-03
7.102435999999999694e+03 2.114686000000000170e-03
7.102534999999999854e+03 -3.343225999999999924e-03
7.102636999999999716e+03 -2.801844999999999856e-03
7.102740999999999985e+03 -6.154576999999999617e-03
7.102838000000000648e+03 -2.947856999999999908e-03
7.102938000000000102e+03 6.643858999999999572e-04
7.103032000000000153e+03 -1.459833000000000007e-03
7.103126999999999498e+03 -9.299399999999999767e-04
7.103226000000000568e+03 -5.108520000000000075e-04
7.103322000000000116e+03 -3.422450000000000058e-03
7.103425999999999476e+03 -4.623122000000000342e-03
7.103525000000000546e+03 -2.357051000000000198e-03
7.103623999999999796e+03 -4.860870000000000100e-04
7.103721000000000458e+03 -5.910074999999999877e-03
7.103817000000000007e+03 -9.180830000000000663e-05
7.103920999999999367e+03 -5.074529999999999839e-03
7.104020000000000437e+03 -2.401975000000000204e-03
7.104125000000000000e+03 -3.560494999999999893e-03
7.104229000000000269e+03 -1.987354000000000204e-03
7.104329999999999927e+03 4.117292999999999951e-04
7.104435999999999694e+03 -2.146547999999999967e-04
7.104536000000000058e+03 5.314058999999999667e-04
7.104637999999999920e+03 -2.110007000000000115e-03
7.104742000000000189e+03 -2.830566000000000072e-03
7.104840000000000146e+03 7.937689000000000160e-04
7.104940999999999804e+03 -2.239413999999999901e-03
7.105036000000000058e+03 -3.047663999999999842e-03
7.105133000000000720e+03 -4.161574999999999823e-03
7.105233000000000175e+03 3.691876000000000185e-03
7.105331999999999425e+03 -2.130869999999999986e-03
7.105438000000000102e+03 -1.847406999999999912e-03
7.105537000000000262e+03 -1.794241000000000022e-03
7.105637999999999920e+03 -2.923766999999999859e-03
7.105737000000000080e+03 3.976720999999999902e-04
7.105835000000000036e+03 -3.215046999999999957e-03
7.105940999999999804e+03 3.197797999999999960e-03
7.106042999999999665e+03 -2.971667999999999792e-03
7.106149000000000342e+03 -3.997139000000000247e-03
7.106253999999999905e+03 8.647957000000000387e-04
7.106356999999999971e+03 -4.793865999999999817e-04
7.106461000000000240e+03 -8.801154000000000540e-05
7.106563000000000102e+03 -1.660180999999999940e-03
7.106668999999999869e+03 2.657883000000000207e-03
7.106770999999999731e+03 -1.117500999999999992e-04
7.106867000000000189e+03 -1.055343000000000036e-03
7.106966000000000349e+03 1.866344000000000100e-05
7.107059999999999491e+03 -1.866477000000000067e-03
7.107159000000000560e+03 1.599072999999999901e-03
7.107257999999999811e+03 -1.039392000000000094e-03
7.107356000000000677e+03 7.428889000000000152e-03
7.107457000000000335e+03 -1.537905999999999909e-03
7.107551999999999680e+03 -2.114712000000000091e-04
7.107653000000000247e+03 1.954163000000000081e-03
7.107750000000000000e+03 4.673446999999999844e-03
7.107846000000000458e+03 2.825572000000000153e-03
7.107947000000000116e+03 -9.796027999999999648e-05
7.108047999999999774e+03 6.106582000000000156e-03
7.108153999999999542e+03 1.498075999999999987e-04
7.108255000000000109e+03 3.929102999999999762e-03
7.108354000000000269e+03 5.403027999999999824e-03
7.108456000000000131e+03 4.196949000000000166e-03
7.108556999999999789e+03 3.660533000000000103e-03
7.108661000000000058e+03 3.632073999999999893e-03
7.108760000000000218e+03 9.167770999999999906e-03
7.108854000000000269e+03 5.354761000000000416e-03
7.108952999999999520e+03 6.347010999999999625e-03
7.109045000000000073e+03 8.607431999999999930e-03
7.109143000000000029e+03 6.603030999999999658e-03
7.109240999999999985e+03 7.295026999999999935e-03
7.109338999999999942e+03 6.331365000000000257e-03
7.109441000000000713e+03 6.566251000000000379e-03
7.109534999999999854e+03 2.880885000000000130e-03
7.109634000000000015e+03 1.005440999999999974e-02
7.109730999999999767e+03 1.135335999999999984e-02
7.109829999999999927e+03 1.164697999999999949e-02
7.109936000000000604e+03 1.104303000000000055e-02
7.110039000000000669e+03 1.428449000000000038e-02
7.110143000000000029e+03 1.446529000000000044e-02
7.110243999999999687e+03 1.016093000000000031e-02
7.110344999999999345e+03 1.879068000000000058e-02
7.110449999999999818e+03 1.389078000000000014e-02
7.110553000000000793e+03 1.910382999999999873e-02
7.110658000000000357e+03 1.948402999999999941e-02
7.110757999999999811e+03 1.920111000000000040e-02
7.110854999999999563e+03 2.355722999999999845e-02
7.110954000000000633e+03 1.969981000000000163e-02
7.111047000000000480e+03 2.480020999999999962e-02
7.111150000000000546e+03 2.822467999999999852e-02
7.111251000000000204e+03 2.922931000000000140e-02
7.111351999999999862e+03 3.780707999999999985e-02
7.111456000000000131e+03 3.925064999999999804e-02
7.111551999999999680e+03 4.409268000000000215e-02
7.111650999999999840e+03 4.407210000000000294e-02
7.111751000000000204e+03 5.513450000000000295e-02
7.111855000000000473e+03 5.824718000000000256e-02
7.111961000000000240e+03 7.361829000000000289e-02
7.112063000000000102e+03 7.933888000000000051e-02
7.112170000000000073e+03 9.039042999999999384e-02
7.112270999999999731e+03 1.087026999999999993e-01
7.112371999999999389e+03 1.041098000000000023e-01
7.112475999999999658e+03 1.239753999999999995e-01
7.112576000000000022e+03 1.244547000000000014e-01
7.112681000000000495e+03 1.276239999999999875e-01
7.112780999999999949e+03 1.350065000000000015e-01
7.112872999999999593e+03 1.265824000000000116e-01
7.112966000000000349e+03 1.274928999999999923e-01
7.113059999999999491e+03 1.146947999999999995e-01
7.113163000000000466e+03 1.102375000000000022e-01
7.113261999999999716e+03 1.013982999999999968e-01
7.113362000000000080e+03 9.493733999999999507e-02
7.113461000000000240e+03 8.935041999999999984e-02
7.113554000000000087e+03 8.391071999999999420e-02
7.113652000000000044e+03 8.556597999999999982e-02
7.113749000000000706e+03 7.752140000000000419e-02
7.113849000000000160e+03 7.548744999999999761e-02
7.113953999999999724e+03 7.425344000000000388e-02
7.114055999999999585e+03 7.239468999999999765e-02
7.114161000000000058e+03 6.916524000000000283e-02
7.114260999999999513e+03 7.395633999999999542e-02
7.114359000000000378e+03 7.197536000000000211e-02
7.114461999999999534e+03 7.117553000000000074e-02
7.114561999999999898e+03 7.430058000000000495e-02
7.114665999999999258e+03 7.740315999999999863e-02
7.114760999999999513e+03 6.849605000000000277e-02
7.114855999999999767e+03 7.298689999999999345e-02
7.114951000000000022e+03 7.016978999999999578e-02
7.115045000000000073e+03 7.615025999999999740e-02
7.115145000000000437e+03 6.415408999999999695e-02
7.115243000000000393e+03 7.257234999999999381e-02
7.115344000000000051e+03 7.393995000000000428e-02
7.115446999999999207e+03 7.620040000000000147e-02
7.115542999999999665e+03 7.854811000000000432e-02
7.115641999999999825e+03 7.571390999999999538e-02
7.115738999999999578e+03 8.310847999999999847e-02
7.115841999999999643e+03 8.206510000000000193e-02
7.115948000000000320e+03 8.583567000000000280e-02
7.116051999999999680e+03 8.900025999999999771e-02
7.116158999999999651e+03 9.983152000000000692e-02
7.116259999999999309e+03 1.033015000000000044e-01
7.116363999999999578e+03 1.131646000000000041e-01
7.116467999999999847e+03 1.165455999999999992e-01
7.116569000000000415e+03 1.189896000000000009e-01
7.116673999999999978e+03 1.315182000000000018e-01
7.116771999999999935e+03 1.435230000000000117e-01
7.116869999999999891e+03 1.540777999999999870e-01
7.116965999999999440e+03 1.680281000000000136e-01
7.117060999999999694e+03 1.884888999999999870e-01
7.117164999999999964e+03 2.082971999999999879e-01
7.117265999999999622e+03 2.140129000000000059e-01
7.117368999999999687e+03 2.462399000000000115e-01
7.117469000000000051e+03 2.648197999999999941e-01
7.117564999999999600e+03 2.828678000000000026e-01
7.117667999999999665e+03 3.074200999999999739e-01
7.117766999999999825e+03 3.216112999999999889e-01
7.117871000000000095e+03 3.647335999999999911e-01
7.117975999999999658e+03 3.839801999999999937e-01
7.118076000000000022e+03 4.108223999999999765e-01
7.118184000000000196e+03 4.551696000000000075e-01
7.118283999999999651e+03 4.856274999999999897e-01
7.118384000000000015e+03 5.292919000000000374e-01
7.118483000000000175e+03 5.637008999999999492e-01
7.118579999999999927e+03 6.020834000000000463e-01
7.118681999999999789e+03 6.039284000000000319e-01
7.118777000000000044e+03 6.594041000000000485e-01
7.118871999999999389e+03 6.690390000000000503e-01
7.118966000000000349e+03 6.918731000000000186e-01
7.119060000000000400e+03 7.218790999999999958e-01
7.119162000000000262e+03 7.446483999999999881e-01
7.119259000000000015e+03 7.389736999999999556e-01
7.119356999999999971e+03 7.492147000000000112e-01
7.119454999999999927e+03 7.444416000000000366e-01
7.119550000000000182e+03 7.545222999999999791e-01
7.119650999999999840e+03 7.599204000000000514e-01
7.119748000000000502e+03 7.547192999999999818e-01
7.119849999999999454e+03 7.545897000000000299e-01
7.119953999999999724e+03 7.663896999999999515e-01
7.120054999999999382e+03 7.684716000000000324e-01
7.120159000000000560e+03 7.441212999999999855e-01
7.120256000000000313e+03 7.663408999999999915e-01
7.120358999999999469e+03 7.690166999999999975e-01
7.120460999999999331e+03 7.711557999999999469e-01
7.120557999999999993e+03 7.824740000000000029e-01
7.120658999999999651e+03 7.836140000000000327e-01
7.120752000000000407e+03 7.836087000000000469e-01
7.120849000000000160e+03 7.939692000000000416e-01
7.120945999999999913e+03 7.978705999999999854e-01
7.121042000000000371e+03 7.926423999999999692e-01
7.121144000000000233e+03 8.082513999999999532e-01
7.121242999999999483e+03 8.120498000000000438e-01
7.121343000000000757e+03 8.129157000000000188e-01
7.121442000000000007e+03 8.139956999999999887e-01
7.121537000000000262e+03 8.380315000000000403e-01
7.121639000000000124e+03 8.197282000000000179e-01
7.121739999999999782e+03 8.280752000000000113e-01
7.121846999999999753e+03 8.530887999999999805e-01
7.121953000000000429e+03 8.541163999999999978e-01
7.122052999999999884e+03 8.804119000000000250e-01
7.122158999999999651e+03 8.743853000000000320e-01
7.122260000000000218e+03 8.783864999999999590e-01
7.122365999999999985e+03 8.891801999999999762e-01
7.122470000000000255e+03 8.985693999999999626e-01
7.122569000000000415e+03 9.129479999999999817e-01
7.122671000000000276e+03 9.054697999999999913e-01
7.122766999999999825e+03 9.304200000000000248e-01
7.122863999999999578e+03 9.403087999999999447e-01
7.122961000000000240e+03 9.572146000000000265e-01
7.123057999999999993e+03 9.606071000000000470e-01
7.123163999999999760e+03 9.733631999999999840e-01
7.123264000000000124e+03 9.676569000000000420e-01
7.123363000000000284e+03 9.788103000000000220e-01
7.123460000000000036e+03 9.995500999999999969e-01
7.123554000000000087e+03 9.950046000000000168e-01
7.123658999999999651e+03 9.954823000000000421e-01
7.123761000000000422e+03 1.018847000000000058e+00
7.123863000000000284e+03 1.009252999999999956e+00
7.123963999999999942e+03 1.022113999999999967e+00
7.124063999999999396e+03 1.043795000000000028e+00
7.124167999999999665e+03 1.047226999999999908e+00
7.124266999999999825e+03 1.054991999999999930e+00
7.124367000000000189e+03 1.074105000000000087e+00
7.124467999999999847e+03 1.080713000000000035e+00
7.124565999999999804e+03 1.064170000000000060e+00
7.124664999999999964e+03 1.084859000000000018e+00
7.124757999999999811e+03 1.072381999999999946e+00
7.124850999999999658e+03 1.095811000000000091e+00
7.124947999999999411e+03 1.095490000000000075e+00
7.125045000000000073e+03 1.095819000000000099e+00
7.125148000000000138e+03 1.099804999999999922e+00
7.125244999999999891e+03 1.108732999999999969e+00
7.125344000000000051e+03 1.114117999999999942e+00
7.125442000000000007e+03 1.129980999999999902e+00
7.125534999999999854e+03 1.117734000000000005e+00
7.125637000000000626e+03 1.123518999999999934e+00
7.125734999999999673e+03 1.135022999999999893e+00
7.125837999999999738e+03 1.118637000000000103e+00
7.125943000000000211e+03 1.116314999999999946e+00
7.126042000000000371e+03 1.133537999999999935e+00
7.126146000000000640e+03 1.118509999999999893e+00
7.126243999999999687e+03 1.142800999999999956e+00
7.126345999999999549e+03 1.146597000000000088e+00
7.126449999999999818e+03 1.133691000000000004e+00
7.126550000000000182e+03 1.160384000000000082e+00
7.126648999999999432e+03 1.146506999999999943e+00
7.126743000000000393e+03 1.141048999999999980e+00
7.126838999999999942e+03 1.149235999999999924e+00
7.126938000000000102e+03 1.157389999999999919e+00
7.127034999999999854e+03 1.155386000000000024e+00
7.127138999999999214e+03 1.143709000000000087e+00
7.127239000000000487e+03 1.158401999999999932e+00
7.127340000000000146e+03 1.154646999999999979e+00
7.127439999999999600e+03 1.152760000000000007e+00
7.127534999999999854e+03 1.156679000000000013e+00
7.127639000000000124e+03 1.151191000000000075e+00
7.127741999999999280e+03 1.152714000000000016e+00
7.127849000000000160e+03 1.166355000000000031e+00
7.127953999999999724e+03 1.150584000000000051e+00
7.128055999999999585e+03 1.161702999999999930e+00
7.128161000000000058e+03 1.158139999999999947e+00
7.128262000000000626e+03 1.154139999999999944e+00
7.128367000000000189e+03 1.163310000000000066e+00
7.128469000000000051e+03 1.157170000000000032e+00
7.128567999999999302e+03 1.157256000000000062e+00
7.128670000000000073e+03 1.177267000000000063e+00
7.128764000000000124e+03 1.154547999999999908e+00
7.128860999999999876e+03 1.177442000000000100e+00
7.128958999999999833e+03 1.178554000000000102e+00
7.129054000000000087e+03 1.155828999999999995e+00
7.129159999999999854e+03 1.161075999999999997e+00
7.129260000000000218e+03 1.162174999999999958e+00
7.129356999999999971e+03 1.143353999999999981e+00
7.129452999999999520e+03 1.152172999999999892e+00
7.129547999999999774e+03 1.149601000000000095e+00
7.129652000000000044e+03 1.163324000000000025e+00
7.129751999999999498e+03 1.159189000000000025e+00
7.129854000000000269e+03 1.163005000000000067e+00
7.129956000000000131e+03 1.143129000000000062e+00
7.130054999999999382e+03 1.154049000000000103e+00
7.130157999999999447e+03 1.156198999999999977e+00
7.130258000000000720e+03 1.161005000000000065e+00
7.130359000000000378e+03 1.153712000000000071e+00
7.130460000000000036e+03 1.161343000000000014e+00
7.130556999999999789e+03 1.140667000000000098e+00
7.130655999999999949e+03 1.153502000000000027e+00
7.130750000000000000e+03 1.148609999999999909e+00
7.130845000000000255e+03 1.137480999999999964e+00
7.130942000000000007e+03 1.155532000000000004e+00
7.131039999999999964e+03 1.156357999999999997e+00
7.131144000000000233e+03 1.141356000000000037e+00
7.131239999999999782e+03 1.146702000000000110e+00
7.131337000000000444e+03 1.145199000000000078e+00
7.131434999999999491e+03 1.141086999999999962e+00
7.131529999999999745e+03 1.149497999999999909e+00
7.131631999999999607e+03 1.148864000000000107e+00
7.131732999999999265e+03 1.146803999999999935e+00
7.131836999999999534e+03 1.148196999999999912e+00
7.131942000000000007e+03 1.141048999999999980e+00
7.132043000000000575e+03 1.131736999999999993e+00
7.132145999999999731e+03 1.144018999999999897e+00
7.132244999999999891e+03 1.146107999999999905e+00
7.132347000000000662e+03 1.158976999999999924e+00
7.132452000000000226e+03 1.138084000000000096e+00
7.132548999999999978e+03 1.154395000000000060e+00
7.132648999999999432e+03 1.143354999999999899e+00
7.132743999999999687e+03 1.130854999999999944e+00
7.132840000000000146e+03 1.138668000000000013e+00
7.132942000000000007e+03 1.147510999999999948e+00
7.133038999999999760e+03 1.156841000000000008e+00
7.133143999999999323e+03 1.123345000000000038e+00
7.133246000000000095e+03 1.133447000000000093e+00
7.133345000000000255e+03 1.120530999999999944e+00
7.133442999999999302e+03 1.127388999999999974e+00
7.133539999999999964e+03 1.122100000000000097e+00
7.133644000000000233e+03 1.125444000000000111e+00
7.133747999999999593e+03 1.131674000000000069e+00
7.133851999999999862e+03 1.121016000000000012e+00
7.133957999999999629e+03 1.112738999999999923e+00
7.134057000000000698e+03 1.115380000000000038e+00
7.134163000000000466e+03 1.114276999999999962e+00
7.134264000000000124e+03 1.124892999999999921e+00
7.134364999999999782e+03 1.120519999999999960e+00
7.134469000000000051e+03 1.102700000000000014e+00
7.134564000000000306e+03 1.116656000000000093e+00
7.134664999999999964e+03 1.109572000000000003e+00
7.134759000000000015e+03 1.124902000000000069e+00
7.134852000000000771e+03 1.110659000000000063e+00
7.134949999999999818e+03 1.118964000000000070e+00
7.135046000000000276e+03 1.084888000000000075e+00
7.135150999999999840e+03 1.104707000000000106e+00
7.135250000000000000e+03 1.106640999999999986e+00
7.135342999999999847e+03 1.109248000000000012e+00
7.135439000000000306e+03 1.111016999999999921e+00
7.135533999999999651e+03 1.106414999999999926e+00
7.135634999999999309e+03 1.107393000000000072e+00
7.135737000000000080e+03 1.086473000000000022e+00
7.135838999999999942e+03 1.102448000000000095e+00
7.135943000000000211e+03 1.101301000000000085e+00
7.136041999999999462e+03 1.081474999999999964e+00
7.136144999999999527e+03 1.083101000000000091e+00
7.136244999999999891e+03 1.089857000000000076e+00
7.136344000000000051e+03 1.112587999999999910e+00
7.136447999999999411e+03 1.094028999999999918e+00
7.136545000000000073e+03 1.096041000000000043e+00
7.136641999999999825e+03 1.074904999999999999e+00
7.136735999999999876e+03 1.080826999999999982e+00
7.136828000000000429e+03 1.088745999999999992e+00
7.136927999999999884e+03 1.094425999999999899e+00
7.137023000000000138e+03 1.080524000000000040e+00
7.137125000000000000e+03 1.082991000000000037e+00
7.137225999999999658e+03 1.078969000000000067e+00
7.137320999999999913e+03 1.089288999999999952e+00
7.137421999999999571e+03 1.077909999999999924e+00
7.137518000000000029e+03 1.085309999999999997e+00
7.137618999999999687e+03 1.074372000000000105e+00
7.137720999999999549e+03 1.079622000000000082e+00
7.137823000000000320e+03 1.058383999999999991e+00
7.137930999999999585e+03 1.080209999999999892e+00
7.138032000000000153e+03 1.067684999999999995e+00
7.138136000000000422e+03 1.075457000000000107e+00
7.138238999999999578e+03 1.080224000000000073e+00
7.138340000000000146e+03 1.072500999999999927e+00
7.138445999999999913e+03 1.073477999999999932e+00
7.138543999999999869e+03 1.056038999999999950e+00
7.138640999999999622e+03 1.058416000000000023e+00
7.138740000000000691e+03 1.056550000000000100e+00
7.138836000000000240e+03 1.066414999999999891e+00
7.138938999999999396e+03 1.059363999999999972e+00
7.139038000000000466e+03 1.065401999999999960e+00
7.139139000000000124e+03 1.064902999999999933e+00
7.139240999999999985e+03 1.052586999999999939e+00
7.139338999999999942e+03 1.061541999999999986e+00
7.139439000000000306e+03 1.055433999999999983e+00
7.139536000000000058e+03 1.066816999999999904e+00
7.139640000000000327e+03 1.052850000000000064e+00
7.139746000000000095e+03 1.044465999999999894e+00
7.139846999999999753e+03 1.052505000000000024e+00
7.139953000000000429e+03 1.050330999999999904e+00
7.140051999999999680e+03 1.053584999999999994e+00
7.140155999999999949e+03 1.039835999999999983e+00
7.140260999999999513e+03 1.053055000000000074e+00
7.140361000000000786e+03 1.033859000000000083e+00
7.140462000000000444e+03 1.049379000000000062e+00
7.140555000000000291e+03 1.039279999999999982e+00
7.140652000000000044e+03 1.031366000000000005e+00
7.140748999999999796e+03 1.032704999999999984e+00
7.140842000000000553e+03 1.045941999999999927e+00
7.140940999999999804e+03 1.029055000000000053e+00
7.141037999999999556e+03 1.032653999999999961e+00
7.141136999999999716e+03 1.019725999999999910e+00
7.141237000000000080e+03 1.031090000000000062e+00
7.141329999999999927e+03 1.024847000000000063e+00
7.141428999999999178e+03 1.021119000000000110e+00
7.141525999999999840e+03 1.010043999999999942e+00
7.141627999999999702e+03 1.024561000000000055e+00
7.141733000000000175e+03 1.013578000000000090e+00
7.141832000000000335e+03 1.022016999999999953e+00
7.141937000000000808e+03 1.013279999999999959e+00
7.142037000000000262e+03 1.023763999999999896e+00
7.142136999999999716e+03 1.021123000000000003e+00
7.142239999999999782e+03 1.024459000000000009e+00
7.142340000000000146e+03 1.014169000000000098e+00
7.142442000000000007e+03 1.006374000000000102e+00
7.142538000000000466e+03 1.022675999999999918e+00
7.142631999999999607e+03 1.010931999999999942e+00
7.142729000000000269e+03 1.014091999999999993e+00
7.142822000000000116e+03 1.020251999999999937e+00
7.142923999999999978e+03 1.020612999999999992e+00
7.143024999999999636e+03 1.007568000000000019e+00
7.143125000000000000e+03 1.016407999999999978e+00
7.143226000000000568e+03 1.016782999999999992e+00
7.143319999999999709e+03 1.006088000000000093e+00
7.143420000000000073e+03 1.001741999999999910e+00
7.143519000000000233e+03 1.012378999999999918e+00
7.143621000000000095e+03 1.004132000000000025e+00
7.143729000000000269e+03 1.004234000000000071e+00
7.143831999999999425e+03 1.000861000000000001e+00
7.143938000000000102e+03 1.006632999999999889e+00
7.144039999999999964e+03 1.005249999999999977e+00
7.144141000000000531e+03 9.953210999999999586e-01
7.144248000000000502e+03 1.003459000000000101e+00
7.144351000000000568e+03 9.855905000000000360e-01
7.144457000000000335e+03 9.936905999999999795e-01
7.144555000000000291e+03 1.002517000000000102e+00
7.144649000000000342e+03 9.940069999999999739e-01
7.144748999999999796e+03 9.979945000000000066e-01
7.144844000000000051e+03 9.836833000000000382e-01
7.144947000000000116e+03 9.883682999999999774e-01
7.145047999999999774e+03 9.831830000000000291e-01
7.145149000000000342e+03 1.005231999999999903e+00
7.145252000000000407e+03 1.000534000000000034e+00
7.145346999999999753e+03 9.838403000000000009e-01
7.145444999999999709e+03 9.885055000000000369e-01
7.145542999999999665e+03 9.821130000000000138e-01
7.145645000000000437e+03 9.843853999999999660e-01
7.145755000000000109e+03 9.838858000000000326e-01
7.145856999999999971e+03 9.646721999999999797e-01
7.145959000000000742e+03 9.836681000000000452e-01
7.146056999999999789e+03 9.798080000000000123e-01
7.146154000000000451e+03 9.677791000000000032e-01
7.146260000000000218e+03 9.822693999999999592e-01
7.146359999999999673e+03 9.732859000000000371e-01
7.146460000000000036e+03 9.574454999999999494e-01
7.146556000000000495e+03 9.776363999999999610e-01
7.146648000000000138e+03 9.713235000000000063e-01
7.146743999999999687e+03 9.686643000000000336e-01
7.146836000000000240e+03 9.614407000000000370e-01
7.146935000000000400e+03 9.708052999999999821e-01
7.147033999999999651e+03 9.770915999999999491e-01
7.147131999999999607e+03 9.580788000000000082e-01
7.147235000000000582e+03 9.396685999999999650e-01
7.147328999999999724e+03 9.648257000000000083e-01
7.147425000000000182e+03 9.655040999999999762e-01
7.147523999999999432e+03 9.607518000000000447e-01
7.147623000000000502e+03 9.685093999999999648e-01
7.147729000000000269e+03 9.571596999999999467e-01
7.147831000000000131e+03 9.605747000000000035e-01
7.147930999999999585e+03 9.556774000000000102e-01
7.148032999999999447e+03 9.608499999999999819e-01
7.148130000000000109e+03 9.482770999999999839e-01
7.148233000000000175e+03 9.584171999999999692e-01
7.148332999999999629e+03 9.459012999999999449e-01
7.148434000000000196e+03 9.489617000000000191e-01
7.148536000000000058e+03 9.370834999999999582e-01
7.148628999999999905e+03 9.367453999999999503e-01
7.148725999999999658e+03 9.186012999999999540e-01
7.148818000000000211e+03 9.534348000000000267e-01
7.148916000000000167e+03 9.365423000000000497e-01
7.149019000000000233e+03 9.468832999999999833e-01
7.149118999999999687e+03 9.466620999999999508e-01
7.149221999999999753e+03 9.396373999999999560e-01
7.149320999999999913e+03 9.456818000000000168e-01
7.149417999999999665e+03 9.449277000000000371e-01
7.149518999999999323e+03 9.425206999999999891e-01
7.149618000000000393e+03 9.459089000000000524e-01
7.149726000000000568e+03 9.493158000000000429e-01
7.149831000000000131e+03 9.480927999999999578e-01
7.149935000000000400e+03 9.415594000000000463e-01
7.150041000000000167e+03 9.413236000000000381e-01
7.150139000000000124e+03 9.418988000000000360e-01
7.150244999999999891e+03 9.328020000000000200e-01
7.150347999999999956e+03 9.449766000000000554e-01
7.150448999999999614e+03 9.564544000000000379e-01
7.150548999999999978e+03 9.431766000000000316e-01
7.150644999999999527e+03 9.405455000000000343e-01
7.150743000000000393e+03 9.357332999999999901e-01
7.150840999999999440e+03 9.361796999999999480e-01
7.150938000000000102e+03 9.322260999999999465e-01
7.151041000000000167e+03 9.332285000000000164e-01
7.151137000000000626e+03 9.382264999999999633e-01
7.151239999999999782e+03 9.439615999999999563e-01
7.151341000000000349e+03 9.196980000000000155e-01
7.151434000000000196e+03 9.447904999999999776e-01
7.151534999999999854e+03 9.302993999999999986e-01
7.151633000000000720e+03 9.243527999999999745e-01
7.151737000000000080e+03 9.350924000000000458e-01
7.151842000000000553e+03 9.291064999999999463e-01
7.151940999999999804e+03 9.243848999999999538e-01
7.152042999999999665e+03 9.344544000000000183e-01
7.152142000000000735e+03 9.386592999999999742e-01
7.152243000000000393e+03 9.293810999999999600e-01
7.152344000000000051e+03 9.407073000000000240e-01
7.152440000000000509e+03 9.453205999999999554e-01
7.152539999999999964e+03 9.251236000000000459e-01
7.152634000000000015e+03 9.348488999999999827e-01
7.152730000000000473e+03 9.294567000000000245e-01
7.152828000000000429e+03 9.223198000000000230e-01
7.152922000000000480e+03 9.185959000000000207e-01
7.153024000000000342e+03 9.272713999999999679e-01
7.153123999999999796e+03 9.358151000000000108e-01
7.153222000000000662e+03 9.450515000000000443e-01
7.153319999999999709e+03 9.309528999999999721e-01
7.153413999999999760e+03 9.279165999999999803e-01
7.153514999999999418e+03 9.345295999999999603e-01
7.153614000000000487e+03 9.294495000000000395e-01
7.153716000000000349e+03 9.248191999999999524e-01
7.153820999999999913e+03 9.255506999999999485e-01
7.153917999999999665e+03 9.189808999999999894e-01
7.154023999999999432e+03 9.261298999999999504e-01
7.154126000000000204e+03 9.175311999999999912e-01
7.154226000000000568e+03 9.229176000000000046e-01
7.154331000000000131e+03 9.164318999999999660e-01
7.154427999999999884e+03 9.126417999999999475e-01
7.154529000000000451e+03 9.406263999999999736e-01
7.154626000000000204e+03 9.269112999999999936e-01
7.154721000000000458e+03 9.339963000000000015e-01
7.154820999999999913e+03 9.321924000000000321e-01
7.154918999999999869e+03 9.367189999999999683e-01
7.155024000000000342e+03 9.191626000000000518e-01
7.155125000000000000e+03 9.149346000000000423e-01
7.155222999999999956e+03 9.114250000000000407e-01
7.155325000000000728e+03 9.381163000000000141e-01
7.155421999999999571e+03 9.226845000000000185e-01
7.155524999999999636e+03 9.269462000000000534e-01
7.155626000000000204e+03 9.363911999999999791e-01
7.155728000000000065e+03 9.247414000000000467e-01
7.155835000000000036e+03 9.393932999999999867e-01
7.155936999999999898e+03 9.309895000000000254e-01
7.156041000000000167e+03 9.345177999999999541e-01
7.156143000000000029e+03 9.310943999999999887e-01
7.156244999999999891e+03 9.337803999999999549e-01
7.156353000000000065e+03 9.245366999999999891e-01
7.156452999999999520e+03 9.242529000000000439e-01
7.156552999999999884e+03 9.265322999999999753e-01
7.156647999999999229e+03 9.153173999999999477e-01
7.156740999999999985e+03 9.245927000000000451e-01
7.156844000000000051e+03 9.408792999999999740e-01
7.156942000000000007e+03 9.243249999999999522e-01
7.157041999999999462e+03 9.399602000000000235e-01
7.157142000000000735e+03 9.338195999999999719e-01
7.157238000000000284e+03 9.425833000000000128e-01
7.157338000000000648e+03 9.191719000000000417e-01
7.157432999999999993e+03 9.326368000000000436e-01
7.157530999999999949e+03 9.312989000000000406e-01
7.157632000000000517e+03 9.081169999999999520e-01
7.157733000000000175e+03 9.279638000000000053e-01
7.157838999999999942e+03 9.277168999999999555e-01
7.157938000000000102e+03 9.250391000000000030e-01
7.158036000000000058e+03 9.395917999999999770e-01
7.158136999999999716e+03 9.403103000000000433e-01
7.158237000000000080e+03 9.420984000000000025e-01
7.158343000000000757e+03 9.326065999999999523e-01
7.158443000000000211e+03 9.282998999999999556e-01
7.158538999999999760e+03 9.112046999999999786e-01
7.158636000000000422e+03 9.114835999999999494e-01
7.158730000000000473e+03 9.224580999999999475e-01
7.158827999999999520e+03 9.260606999999999589e-01
7.158925000000000182e+03 9.304122000000000225e-01
7.159023999999999432e+03 9.172053999999999485e-01
7.159125999999999294e+03 9.273696000000000161e-01
7.159221999999999753e+03 9.130734999999999824e-01
7.159322000000000116e+03 9.305927000000000504e-01
7.159417000000000371e+03 9.274877000000000260e-01
7.159512000000000626e+03 9.345670000000000366e-01
7.159619000000000597e+03 9.288994000000000417e-01
7.159721000000000458e+03 9.240205000000000224e-01
7.159826000000000022e+03 9.109521999999999897e-01
7.159927999999999884e+03 9.303970999999999769e-01
7.160028999999999542e+03 9.111088999999999993e-01
7.160131999999999607e+03 9.132093999999999490e-01
7.160233000000000175e+03 9.072550000000000336e-01
7.160338999999999942e+03 9.197319000000000466e-01
7.160440999999999804e+03 9.174746999999999764e-01
7.160541000000000167e+03 9.285619000000000511e-01
7.160640999999999622e+03 9.188117999999999563e-01
7.160733999999999469e+03 9.374827000000000021e-01
7.160832000000000335e+03 9.229114999999999958e-01
7.160934000000000196e+03 9.296571000000000140e-01
7.161034999999999854e+03 9.257568000000000463e-01
7.161139999999999418e+03 9.333468000000000320e-01
7.161239000000000487e+03 9.263624000000000303e-01
7.161336000000000240e+03 9.309884999999999966e-01
7.161436999999999898e+03 9.374827000000000021e-01
7.161534999999999854e+03 9.369478999999999447e-01
7.161639000000000124e+03 9.387005999999999961e-01
7.161739999999999782e+03 9.495900000000000452e-01
7.161846999999999753e+03 9.302595000000000169e-01
7.161952999999999520e+03 9.311517000000000266e-01
7.162051999999999680e+03 9.309207999999999927e-01
7.162156000000000859e+03 9.301348999999999867e-01
7.162255000000000109e+03 9.310519000000000434e-01
7.162358000000000175e+03 9.193101999999999663e-01
7.162461999999999534e+03 9.543251999999999846e-01
7.162559000000000196e+03 9.159846000000000377e-01
7.162655999999999949e+03 9.333531000000000466e-01
7.162747999999999593e+03 9.492741999999999569e-01
7.162842999999999847e+03 9.222352999999999801e-01
7.162944000000000415e+03 9.466506999999999561e-01
7.163041999999999462e+03 9.354259999999999797e-01
7.163143000000000029e+03 9.474721999999999866e-01
7.163238999999999578e+03 9.365615999999999941e-01
7.163335000000000036e+03 9.311793999999999905e-01
7.163433999999999287e+03 9.497510000000000119e-01
7.163528000000000247e+03 9.274253000000000080e-01
7.163628999999999905e+03 9.423323999999999590e-01
7.163730000000000473e+03 9.347048999999999497e-01
7.163833000000000538e+03 9.450239000000000278e-01
7.163939000000000306e+03 9.273468999999999740e-01
7.164037000000000262e+03 9.324535000000000462e-01
7.164137000000000626e+03 9.304788000000000503e-01
7.164240000000000691e+03 9.371711000000000347e-01
7.164341000000000349e+03 9.273561999999999639e-01
7.164443999999999505e+03 9.216423000000000254e-01
7.164539999999999964e+03 9.288494000000000472e-01
7.164636999999999716e+03 9.185811999999999866e-01
7.164731999999999971e+03 9.403913000000000411e-01
7.164824000000000524e+03 9.358052000000000037e-01
7.164926000000000386e+03 9.442080999999999946e-01
7.165021999999999935e+03 9.384987000000000190e-01
7.165122000000000298e+03 9.422230000000000327e-01
7.165225999999999658e+03 9.441867000000000454e-01
7.165320999999999913e+03 9.422547000000000006e-01
7.165420000000000073e+03 9.444654999999999578e-01
7.165518000000000029e+03 9.545730999999999522e-01
7.165617000000000189e+03 9.571621999999999630e-01
7.165724000000000160e+03 9.527347999999999928e-01
7.165827000000000226e+03 9.380123000000000211e-01
7.165931999999999789e+03 9.497489999999999544e-01
7.166034999999999854e+03 9.458809000000000244e-01
7.166139000000000124e+03 9.506961999999999913e-01
7.166244999999999891e+03 9.570950000000000291e-01
7.166344000000000051e+03 9.372833999999999888e-01
7.166449999999999818e+03 9.443610999999999533e-01
7.166552000000000589e+03 9.363318999999999948e-01
7.166648999999999432e+03 9.466894000000000142e-01
7.166748000000000502e+03 9.404299000000000408e-01
7.166842999999999847e+03 9.324185999999999863e-01
7.166944000000000415e+03 9.360277000000000180e-01
7.167046000000000276e+03 9.318366999999999623e-01
7.167145999999999731e+03 9.367997999999999603e-01
7.167247999999999593e+03 9.264700000000000157e-01
7.167345000000000255e+03 9.407942999999999723e-01
7.167445999999999913e+03 9.365681000000000145e-01
7.167544999999999163e+03 9.468796000000000435e-01
7.167645000000000437e+03 9.182607000000000408e-01
7.167753000000000611e+03 9.308338000000000445e-01
7.167854000000000269e+03 9.364179000000000253e-01
7.167958999999999833e+03 9.234847000000000472e-01
7.168063000000000102e+03 9.261160000000000503e-01
7.168160999999999149e+03 9.308942999999999524e-01
7.168265000000000327e+03 9.272612999999999550e-01
7.168364999999999782e+03 9.415466999999999587e-01
7.168466999999999643e+03 9.499712000000000156e-01
7.168567999999999302e+03 9.555466000000000237e-01
7.168662000000000262e+03 9.443177999999999850e-01
7.168757000000000517e+03 9.422142999999999491e-01
7.168850999999999658e+03 9.559337999999999447e-01
7.168948000000000320e+03 9.289840999999999793e-01
7.169047999999999774e+03 9.421494000000000257e-01
7.169145999999999731e+03 9.349549000000000332e-01
7.169247000000000298e+03 9.315898999999999708e-01
7.169342999999999847e+03 9.424314000000000302e-01
7.169438000000000102e+03 9.439317000000000402e-01
7.169538000000000466e+03 9.365786000000000389e-01
7.169635999999999513e+03 9.521705999999999781e-01
7.169740999999999985e+03 9.692743000000000331e-01
7.169844999999999345e+03 9.602743999999999724e-01
7.169946999999999207e+03 9.628389000000000530e-01
7.170050000000000182e+03 9.554133999999999682e-01
7.170148000000000138e+03 9.488117999999999830e-01
7.170251000000000204e+03 9.333308000000000160e-01
7.170351999999999862e+03 9.444683999999999857e-01
7.170452000000000226e+03 9.390087999999999768e-01
7.170555000000000291e+03 9.377442000000000277e-01
7.170648000000000138e+03 9.396252999999999966e-01
7.170743999999999687e+03 9.298669999999999991e-01
7.170842999999999847e+03 9.665255999999999847e-01
7.170938999999999396e+03 9.452274000000000509e-01
7.171041999999999462e+03 9.752741999999999800e-01
7.171140000000000327e+03 9.516818999999999695e-01
7.171240999999999985e+03 9.403681999999999874e-01
7.171342000000000553e+03 9.463656999999999764e-01
7.171438000000000102e+03 9.487183000000000144e-01
7.171539999999999964e+03 9.555373999999999812e-01
7.171640000000000327e+03 9.301431999999999478e-01
7.171747000000000298e+03 9.425725999999999827e-01
7.171854999999999563e+03 9.531003999999999587e-01
7.171956000000000131e+03 9.563523999999999914e-01
7.172062999999999192e+03 9.671397999999999939e-01
7.172166000000000167e+03 9.479184999999999972e-01
7.172270000000000437e+03 9.631355999999999806e-01
7.172375000000000000e+03 9.624726000000000115e-01
7.172475999999999658e+03 9.491462000000000510e-01
7.172579999999999927e+03 9.480783000000000404e-01
7.172677999999999884e+03 9.514485999999999777e-01
7.172774000000000342e+03 9.425913999999999682e-01
7.172873000000000502e+03 9.571231000000000044e-01
7.172967999999999847e+03 9.513319000000000081e-01
7.173072999999999411e+03 9.544557000000000180e-01
7.173175999999999476e+03 9.399201999999999835e-01
7.173276000000000749e+03 9.625089000000000006e-01
7.173376000000000204e+03 9.691748000000000030e-01
7.173470000000000255e+03 9.657343000000000455e-01
7.173572000000000116e+03 9.641013000000000499e-01
7.173672999999999774e+03 9.519024000000000374e-01
7.173773000000000138e+03 9.622798999999999658e-01
7.173878999999999905e+03 9.546371000000000162e-01
7.173980000000000473e+03 9.442768999999999746e-01
7.174083000000000538e+03 9.413605999999999918e-01
7.174185999999999694e+03 9.583015999999999757e-01
7.174283000000000357e+03 9.560661999999999772e-01
7.174386000000000422e+03 9.493890999999999858e-01
7.174483999999999469e+03 9.598345999999999822e-01
7.174584000000000742e+03 9.594260999999999484e-01
7.174680999999999585e+03 9.660800000000000498e-01
7.174771999999999935e+03 9.506533999999999818e-01
7.174869000000000597e+03 9.708917000000000241e-01
7.174962999999999738e+03 9.334183999999999815e-01
7.175061999999999898e+03 9.407027999999999501e-01
7.175164999999999964e+03 9.468263999999999569e-01
7.175261999999999716e+03 9.499503000000000252e-01
7.175362000000000080e+03 9.509699999999999820e-01
7.175457999999999629e+03 9.495970999999999718e-01
7.175555000000000291e+03 9.573977999999999655e-01
7.175654999999999745e+03 9.625557999999999614e-01
7.175755000000000109e+03 9.653777999999999526e-01
7.175859000000000378e+03 9.597634000000000443e-01
7.175961000000000240e+03 9.739345999999999837e-01
7.176061999999999898e+03 9.815253999999999923e-01
7.176166000000000167e+03 9.745597000000000287e-01
7.176262000000000626e+03 9.506584999999999619e-01
7.176368000000000393e+03 9.347609999999999530e-01
7.176472000000000662e+03 9.600596999999999603e-01
7.176569999999999709e+03 9.569659999999999833e-01
7.176670000000000073e+03 9.454124000000000416e-01
7.176762999999999920e+03 9.596143999999999785e-01
7.176860999999999876e+03 9.665626999999999969e-01
7.176958999999999833e+03 9.814694000000000473e-01
7.177056999999999789e+03 9.593956999999999624e-01
7.177162000000000262e+03 9.566004999999999647e-01
7.177262999999999920e+03 9.666959999999999997e-01
7.177362999999999374e+03 9.567801000000000222e-01
7.177463000000000648e+03 9.595844000000000040e-01
7.177559999999999491e+03 9.485074999999999479e-01
7.177664999999999964e+03 9.618780000000000108e-01
7.177766999999999825e+03 9.696542999999999690e-01
7.177872999999999593e+03 9.768968000000000096e-01
7.177979999999999563e+03 9.963121999999999812e-01
7.178081999999999425e+03 9.717394000000000309e-01
7.178186000000000604e+03 9.784456000000000264e-01
7.178289000000000669e+03 9.767997000000000485e-01
7.178391999999999825e+03 9.832343000000000055e-01
7.178496000000000095e+03 9.756734000000000240e-01
7.178594999999999345e+03 9.719406000000000434e-01
7.178696000000000822e+03 9.670644999999999936e-01
7.178793999999999869e+03 9.584873999999999894e-01
7.178887999999999920e+03 9.638101000000000029e-01
7.178987000000000080e+03 9.756774999999999753e-01
7.179083999999999833e+03 9.528187000000000184e-01
7.179188000000000102e+03 9.824524999999999508e-01
7.179289999999999964e+03 9.711482999999999643e-01
7.179385000000000218e+03 9.632100999999999580e-01
7.179484000000000378e+03 9.877694999999999670e-01
7.179578000000000429e+03 9.651507000000000280e-01
7.179679000000000087e+03 9.679411999999999461e-01
7.179782999999999447e+03 9.521039000000000030e-01
7.179882000000000517e+03 9.769877999999999618e-01
7.179987000000000080e+03 9.753121999999999625e-01
7.180086000000000240e+03 9.699320000000000164e-01
7.180185999999999694e+03 9.749339000000000199e-01
7.180287999999999556e+03 9.782604000000000299e-01
7.180386000000000422e+03 9.904053999999999913e-01
7.180489999999999782e+03 9.830775000000000485e-01
7.180588999999999942e+03 9.760035999999999712e-01
7.180685999999999694e+03 9.762374000000000329e-01
7.180783999999999651e+03 9.797441000000000066e-01
7.180876999999999498e+03 9.705812999999999802e-01
7.180974000000000160e+03 9.879183999999999743e-01
7.181072000000000116e+03 9.711269000000000151e-01
7.181171000000000276e+03 9.885102000000000055e-01
7.181274000000000342e+03 9.825127000000000166e-01
7.181369999999999891e+03 9.750465000000000382e-01
7.181469000000000051e+03 9.718818000000000179e-01
7.181563999999999396e+03 9.826293999999999862e-01
7.181661000000000058e+03 9.835488999999999482e-01
7.181765999999999622e+03 9.781737999999999822e-01
7.181864999999999782e+03 9.771832999999999769e-01
7.181970999999999549e+03 9.794581999999999455e-01
7.182074999999999818e+03 9.993457000000000034e-01
7.182173999999999978e+03 9.923060000000000214e-01
7.182279000000000451e+03 9.912798999999999916e-01
7.182377999999999702e+03 9.869369999999999532e-01
7.182481999999999971e+03 9.832448999999999772e-01
7.182585999999999331e+03 9.903336999999999835e-01
7.182684000000000196e+03 9.881763000000000075e-01
7.182783999999999651e+03 9.911881999999999637e-01
7.182878999999999905e+03 9.900303000000000297e-01
7.182978000000000065e+03 1.000979999999999981e+00
7.183079999999999927e+03 9.825445999999999902e-01
7.183176999999999680e+03 9.770547000000000537e-01
7.183283000000000357e+03 9.862142000000000408e-01
7.183385000000000218e+03 9.850552000000000197e-01
7.183483000000000175e+03 1.000499999999999945e+00
7.183582999999999629e+03 9.995133000000000489e-01
7.183680999999999585e+03 9.725424000000000291e-01
7.183784999999999854e+03 9.765618000000000354e-01
7.183890000000000327e+03 9.822805999999999482e-01
7.183995000000000800e+03 9.574137000000000342e-01
7.184100999999999658e+03 9.710927000000000309e-01
7.184201000000000022e+03 9.759136000000000477e-01
7.184306000000000495e+03 9.516250000000000542e-01
7.184408999999999651e+03 9.790516000000000219e-01
7.184510000000000218e+03 9.970320000000000293e-01
7.184614999999999782e+03 9.801107000000000014e-01
7.184711000000000240e+03 9.812052999999999470e-01
7.184809999999999491e+03 9.856266999999999667e-01
7.184907000000000153e+03 9.995585999999999638e-01
7.185000000000000000e+03 9.812222999999999917e-01
7.185101000000000568e+03 9.878061999999999676e-01
7.185197999999999411e+03 1.006920000000000037e+00
7.185298999999999978e+03 9.822497999999999507e-01
7.185400999999999840e+03 9.900582999999999467e-01
7.185495000000000800e+03 9.843068999999999846e-01
7.185592999999999847e+03 9.802130000000000010e-01
7.185685999999999694e+03 9.739668999999999688e-01
7.185786000000000058e+03 9.910556999999999839e-01
7.185889999999999418e+03 9.872786000000000062e-01
7.185989000000000487e+03 9.707850999999999564e-01
7.186095000000000255e+03 9.962592000000000114e-01
7.186194000000000415e+03 9.868204999999999893e-01
7.186292999999999665e+03 1.003363999999999923e+00
7.186396999999999935e+03 9.902022000000000324e-01
7.186496000000000095e+03 9.816532000000000036e-01
7.186599000000000160e+03 9.891480999999999746e-01
7.186697999999999411e+03 9.925935999999999648e-01
7.186792999999999665e+03 1.020737000000000005e+00
7.186891999999999825e+03 9.833380999999999927e-01
7.186983999999999469e+03 9.932714000000000265e-01
7.187082000000000335e+03 9.992600999999999845e-01
7.187180999999999585e+03 9.915648999999999713e-01
7.187279000000000451e+03 9.754709000000000296e-01
7.187382999999999811e+03 9.885108999999999702e-01
7.187477000000000771e+03 9.874874999999999625e-01
7.187574999999999818e+03 9.983739999999999837e-01
7.187673999999999978e+03 9.806812000000000307e-01
7.187771999999999935e+03 9.921664000000000039e-01
7.187877000000000407e+03 9.911453000000000069e-01
7.187978000000000065e+03 9.866802999999999546e-01
7.188079999999999927e+03 9.798470999999999709e-01
7.188183999999999287e+03 9.765382000000000229e-01
7.188284999999999854e+03 9.741598999999999675e-01
7.188389000000000124e+03 9.851436999999999555e-01
7.188490999999999985e+03 9.970409999999999551e-01
7.188594000000000051e+03 9.925496999999999792e-01
7.188697000000000116e+03 9.829177999999999527e-01
7.188791000000000167e+03 1.001795999999999909e+00
7.188891999999999825e+03 1.006151999999999935e+00
7.188989000000000487e+03 9.996429000000000009e-01
7.189085000000000036e+03 9.931065000000000031e-01
7.189188999999999396e+03 1.000121999999999955e+00
7.189286000000000058e+03 1.017028999999999961e+00
7.189389000000000124e+03 9.922071999999999559e-01
7.189490999999999985e+03 9.945973999999999648e-01
7.189587999999999738e+03 1.010423000000000071e+00
7.189686999999999898e+03 1.019722999999999935e+00
7.189784000000000560e+03 1.028934999999999933e+00
7.189887999999999920e+03 1.002901999999999960e+00
7.189994000000000597e+03 1.015841999999999912e+00
7.190095000000000255e+03 1.010078999999999949e+00
7.190201000000000022e+03 9.940335000000000143e-01
7.190298000000000684e+03 1.013030000000000097e+00
7.190399000000000342e+03 1.003614999999999924e+00
7.190505000000000109e+03 1.011290000000000022e+00
7.190603000000000065e+03 1.023465000000000069e+00
7.190704999999999927e+03 1.005924000000000040e+00
7.190800000000000182e+03 1.017821000000000087e+00
7.190895000000000437e+03 1.003276999999999974e+00
7.190992999999999483e+03 9.887295999999999863e-01
7.191086000000000240e+03 9.912822000000000022e-01
7.191184000000000196e+03 9.995671000000000417e-01
7.191282000000000153e+03 9.852218000000000364e-01
7.191379000000000815e+03 1.002866999999999953e+00
7.191480000000000473e+03 1.007287000000000043e+00
7.191575000000000728e+03 1.004753999999999925e+00
7.191670000000000073e+03 1.000626000000000015e+00
7.191766000000000531e+03 9.948335000000000372e-01
7.191864999999999782e+03 9.788451999999999709e-01
7.191970999999999549e+03 1.006342999999999988e+00
7.192071999999999207e+03 9.977618999999999794e-01
7.192172000000000480e+03 1.000513999999999903e+00
7.192274000000000342e+03 9.826496000000000119e-01
7.192372999999999593e+03 9.887152000000000163e-01
7.192476999999999862e+03 1.017179999999999973e+00
7.192576000000000022e+03 1.024270000000000014e+00
7.192675000000000182e+03 9.939082000000000194e-01
7.192775999999999840e+03 1.035015000000000018e+00
7.192868999999999687e+03 1.016332999999999931e+00
7.192966000000000349e+03 1.023619000000000057e+00
7.193061999999999898e+03 1.036000999999999950e+00
7.193154999999999745e+03 9.925585999999999576e-01
7.193256999999999607e+03 1.016758999999999968e+00
7.193355999999999767e+03 1.004591000000000012e+00
7.193454999999999927e+03 1.014609000000000094e+00
7.193555000000000291e+03 1.010051999999999950e+00
7.193648999999999432e+03 1.005641000000000007e+00
7.193749000000000706e+03 1.033724000000000087e+00
7.193847999999999956e+03 1.022934999999999928e+00
7.193951000000000022e+03 1.014699999999999935e+00
7.194057999999999993e+03 1.026380000000000070e+00
7.194158999999999651e+03 1.016137999999999986e+00
7.194264000000000124e+03 1.006793999999999967e+00
7.194364000000000487e+03 1.007177999999999907e+00
7.194467999999999847e+03 1.002590000000000092e+00
7.194573000000000320e+03 1.007462999999999997e+00
7.194673999999999978e+03 1.010486999999999913e+00
7.194778999999999542e+03 1.006868000000000096e+00
7.194877000000000407e+03 1.004294000000000020e+00
7.194969999999999345e+03 1.015987999999999891e+00
7.195070000000000618e+03 1.020072000000000090e+00
7.195166000000000167e+03 1.001638000000000028e+00
7.195267000000000735e+03 1.018575000000000008e+00
7.195367000000000189e+03 1.029390999999999945e+00
7.195465999999999440e+03 1.006248000000000031e+00
7.195568999999999505e+03 1.014718000000000009e+00
7.195664999999999964e+03 1.013625999999999916e+00
7.195762000000000626e+03 9.945232000000000516e-01
7.195860999999999876e+03 1.003157000000000076e+00
7.195960999999999331e+03 1.020698000000000105e+00
7.196069999999999709e+03 1.020709000000000088e+00
7.196170999999999367e+03 9.916949000000000458e-01
7.196270000000000437e+03 1.028045000000000098e+00
7.196371000000000095e+03 1.020450999999999997e+00
7.196467000000000553e+03 1.031169000000000002e+00
7.196573000000000320e+03 1.027147999999999950e+00
7.196672999999999774e+03 1.029207999999999901e+00
7.196770999999999731e+03 1.012348000000000026e+00
7.196868000000000393e+03 1.009899000000000102e+00
7.196961000000000240e+03 9.794842999999999744e-01
7.197056999999999789e+03 1.013466999999999896e+00
7.197150999999999840e+03 9.935055999999999887e-01
7.197246000000000095e+03 1.003698999999999897e+00
7.197345999999999549e+03 1.007884000000000002e+00
7.197443000000000211e+03 1.025717999999999908e+00
7.197542999999999665e+03 1.025064999999999893e+00
7.197639999999999418e+03 1.034037000000000095e+00
7.197733000000000175e+03 1.008947000000000038e+00
7.197833000000000538e+03 1.047417000000000042e+00
7.197930999999999585e+03 1.026178999999999952e+00
7.198033999999999651e+03 1.018505999999999911e+00
7.198136999999999716e+03 1.023609999999999909e+00
7.198235000000000582e+03 9.854551000000000283e-01
7.198337999999999738e+03 1.006072000000000077e+00
7.198435999999999694e+03 1.017284999999999995e+00
7.198536000000000058e+03 1.004833000000000087e+00
7.198640000000000327e+03 1.020429000000000030e+00
7.198737000000000080e+03 1.021605000000000096e+00
7.198839000000000851e+03 1.016548999999999925e+00
7.198935999999999694e+03 1.025015999999999927e+00
7.199029000000000451e+03 1.025686000000000098e+00
7.199127999999999702e+03 1.019057000000000102e+00
7.199220999999999549e+03 1.031252999999999975e+00
7.199322999999999411e+03 1.030589999999999895e+00
7.199425000000000182e+03 1.015079999999999982e+00
7.199521999999999935e+03 1.044623999999999997e+00
7.199626000000000204e+03 1.026170000000000027e+00
7.199721000000000458e+03 1.025606999999999935e+00
7.199819999999999709e+03 1.036728000000000094e+00
7.199920999999999367e+03 1.016583000000000014e+00
7.200020999999999731e+03 1.031385999999999914e+00
7.200130000000000109e+03 1.021444999999999936e+00
7.200233000000000175e+03 1.017919999999999936e+00
7.200336000000000240e+03 1.038124999999999964e+00
7.200438000000000102e+03 1.026899999999999924e+00
7.200536999999999352e+03 1.024858000000000047e+00
7.200643000000000029e+03 1.042380000000000084e+00
7.200746000000000095e+03 1.044961999999999946e+00
7.200847999999999956e+03 1.006534000000000040e+00
7.200948000000000320e+03 1.035193000000000030e+00
7.201041000000000167e+03 1.018394000000000021e+00
7.201140999999999622e+03 1.019660999999999929e+00
7.201237000000000080e+03 1.030035000000000034e+00
7.201333999999999833e+03 1.029223999999999917e+00
7.201436000000000604e+03 1.042858000000000063e+00
7.201533999999999651e+03 1.022334000000000076e+00
7.201635999999999513e+03 1.036508999999999903e+00
7.201734000000000378e+03 1.025517000000000012e+00
7.201827999999999520e+03 1.030833000000000110e+00
7.201925000000000182e+03 1.029911999999999939e+00
7.202022999999999229e+03 1.047395999999999994e+00
7.202126000000000204e+03 1.021732000000000085e+00
7.202231000000000677e+03 1.045026000000000010e+00
7.202328999999999724e+03 1.037708999999999993e+00
7.202429000000000087e+03 1.027638999999999969e+00
7.202524999999999636e+03 1.036756000000000011e+00
7.202623999999999796e+03 1.028974000000000055e+00
7.202727000000000771e+03 1.052810000000000024e+00
7.202823999999999614e+03 1.043042000000000025e+00
7.202924999999999272e+03 1.013465000000000060e+00
7.203019000000000233e+03 1.032375000000000043e+00
7.203112000000000080e+03 1.036697999999999897e+00
7.203207999999999629e+03 1.040286999999999962e+00
7.203300999999999476e+03 1.038831999999999978e+00
7.203401000000000749e+03 1.033916000000000057e+00
7.203503000000000611e+03 1.029843000000000064e+00
7.203599999999999454e+03 1.020064000000000082e+00
7.203700000000000728e+03 1.024229999999999974e+00
7.203792999999999665e+03 1.010226999999999986e+00
7.203889000000000124e+03 1.035849000000000020e+00
7.203987000000000080e+03 1.028624999999999901e+00
7.204083999999999833e+03 1.060669000000000084e+00
7.204189999999999600e+03 1.042130999999999919e+00
7.204289999999999964e+03 1.046704000000000079e+00
7.204391000000000531e+03 1.036124999999999963e+00
7.204494999999999891e+03 1.038534999999999986e+00
7.204592999999999847e+03 1.019320999999999922e+00
7.204695999999999913e+03 1.020680000000000032e+00
7.204796000000000276e+03 1.025682999999999900e+00
7.204895999999999731e+03 1.041863999999999901e+00
7.204997999999999593e+03 1.017207999999999890e+00
7.205091999999999643e+03 1.012378000000000000e+00
7.205189999999999600e+03 1.019716999999999985e+00
7.205287000000000262e+03 9.845116999999999896e-01
7.205384000000000015e+03 1.032861000000000029e+00
7.205488000000000284e+03 1.015138000000000096e+00
7.205586000000000240e+03 1.023428000000000004e+00
7.205686999999999898e+03 1.007241999999999971e+00
7.205789000000000669e+03 1.028111999999999915e+00
7.205885000000000218e+03 1.018116000000000021e+00
7.205985999999999876e+03 1.010102999999999973e+00
7.206085000000000036e+03 1.015632000000000090e+00
7.206188000000000102e+03 1.035411000000000081e+00
7.206295000000000073e+03 1.012516999999999889e+00
7.206396999999999935e+03 1.031368000000000062e+00
7.206500000000000000e+03 1.037606999999999946e+00
7.206599000000000160e+03 1.039338000000000095e+00
7.206699000000000524e+03 1.025997999999999966e+00
7.206806000000000495e+03 1.033142000000000005e+00
7.206904999999999745e+03 1.026845000000000008e+00
7.207006999999999607e+03 1.043652000000000024e+00
7.207104000000000269e+03 1.030141999999999891e+00
7.207197000000000116e+03 1.027843999999999980e+00
7.207296999999999571e+03 1.021835000000000049e+00
7.207391999999999825e+03 1.042632000000000003e+00
7.207489999999999782e+03 1.032391999999999976e+00
7.207588000000000648e+03 1.030264000000000069e+00
7.207685999999999694e+03 1.029322000000000070e+00
7.207787999999999556e+03 1.040267999999999970e+00
7.207882999999999811e+03 1.060697999999999919e+00
7.207976000000000568e+03 1.031579000000000024e+00
7.208074999999999818e+03 1.032081000000000026e+00
7.208172000000000480e+03 1.035890999999999895e+00
7.208277000000000044e+03 1.033619000000000065e+00
7.208378999999999905e+03 1.049819999999999975e+00
7.208475999999999658e+03 1.044539000000000106e+00
7.208577000000000226e+03 1.039377999999999913e+00
7.208675000000000182e+03 1.049481000000000108e+00
7.208777000000000044e+03 1.046442000000000094e+00
7.208878999999999905e+03 1.019822000000000006e+00
7.208974999999999454e+03 1.069194999999999895e+00
7.209076000000000022e+03 1.049630999999999981e+00
7.209172999999999774e+03 1.029314999999999980e+00
7.209268000000000029e+03 1.028169000000000111e+00
7.209362999999999374e+03 1.043031999999999959e+00
7.209456000000000131e+03 1.037047000000000052e+00
7.209557999999999993e+03 1.039531999999999901e+00
7.209654999999999745e+03 1.039681000000000077e+00
7.209752999999999702e+03 1.045298000000000060e+00
7.209854000000000269e+03 1.034342000000000095e+00
7.209946000000000822e+03 1.031157000000000101e+00
7.210046000000000276e+03 1.033897999999999984e+00
7.210145999999999731e+03 1.064332000000000056e+00
7.210246000000000095e+03 1.040580999999999978e+00
7.210352000000000771e+03 1.040111000000000008e+00
7.210451000000000022e+03 1.043771999999999922e+00
7.210555000000000291e+03 1.032855000000000079e+00
7.210657999999999447e+03 1.029347999999999930e+00
7.210757000000000517e+03 1.038980000000000015e+00
7.210862999999999374e+03 1.043849999999999945e+00
7.210963999999999942e+03 1.046758999999999995e+00
7.211064999999999600e+03 1.042675000000000018e+00
7.211166000000000167e+03 1.061231000000000035e+00
7.211261000000000422e+03 1.053236999999999979e+00
7.211360999999999876e+03 1.036529000000000034e+00
7.211458000000000538e+03 1.034599999999999964e+00
7.211557999999999993e+03 1.052032999999999996e+00
7.211659999999999854e+03 1.051036000000000081e+00
7.211757999999999811e+03 1.049865000000000048e+00
7.211859999999999673e+03 1.037908000000000053e+00
7.211958000000000538e+03 1.040178000000000047e+00
7.212055999999999585e+03 1.065323000000000020e+00
7.212157000000000153e+03 1.047395999999999994e+00
7.212257000000000517e+03 1.051576000000000066e+00
7.212362000000000080e+03 1.035228999999999955e+00
7.212468999999999141e+03 1.028990000000000071e+00
7.212569000000000415e+03 1.062189000000000050e+00
7.212672999999999774e+03 1.049787999999999943e+00
7.212770999999999731e+03 1.043998999999999899e+00
7.212873000000000502e+03 1.056011000000000033e+00
7.212978999999999360e+03 1.067970000000000086e+00
7.213077000000000226e+03 1.022451999999999916e+00
7.213175999999999476e+03 1.052702999999999944e+00
7.213268000000000029e+03 1.049225999999999992e+00
7.213364000000000487e+03 1.019015000000000004e+00
7.213462999999999738e+03 1.043897000000000075e+00
7.213557999999999993e+03 1.012569000000000052e+00
7.213655999999999949e+03 1.010175999999999963e+00
7.213753999999999905e+03 1.029568000000000039e+00
7.213850999999999658e+03 1.019876999999999923e+00
7.213951000000000022e+03 1.059263000000000066e+00
7.214044000000000779e+03 1.020642000000000049e+00
7.214140999999999622e+03 1.056464000000000070e+00
7.214239999999999782e+03 1.038853000000000026e+00
7.214338999999999942e+03 1.024432000000000009e+00
7.214445999999999913e+03 1.033366999999999924e+00
7.214545000000000073e+03 1.046480000000000077e+00
7.214644999999999527e+03 1.061986000000000097e+00
7.214747000000000298e+03 1.022175999999999974e+00
7.214847999999999956e+03 1.038337999999999983e+00
7.214952000000000226e+03 1.032726999999999951e+00
7.215052999999999884e+03 1.043998999999999899e+00
7.215149000000000342e+03 1.026513999999999927e+00
7.215246999999999389e+03 1.025740000000000096e+00
7.215338999999999942e+03 1.031530999999999976e+00
7.215436999999999898e+03 1.030810000000000004e+00
7.215533999999999651e+03 1.043265000000000109e+00
7.215628999999999905e+03 1.040324999999999944e+00
7.215733000000000175e+03 1.039852999999999916e+00
7.215832999999999629e+03 1.031925999999999899e+00
7.215931000000000495e+03 1.050294999999999979e+00
7.216028999999999542e+03 1.058149000000000006e+00
7.216123999999999796e+03 1.024483999999999950e+00
7.216225999999999658e+03 1.033541999999999961e+00
7.216326000000000022e+03 1.019771999999999901e+00
7.216429000000000087e+03 1.006497999999999893e+00
7.216535000000000764e+03 1.012636000000000092e+00
7.216636000000000422e+03 1.007063999999999959e+00
7.216740999999999985e+03 1.027133000000000074e+00
7.216842999999999847e+03 1.056799999999999962e+00
7.216943999999999505e+03 1.019760999999999918e+00
7.217050000000000182e+03 1.033454000000000095e+00
7.217148000000000138e+03 1.012920999999999960e+00
7.217251000000000204e+03 1.012224999999999930e+00
7.217349999999999454e+03 1.031029999999999891e+00
7.217442000000000007e+03 1.022264999999999979e+00
7.217542999999999665e+03 1.027930999999999928e+00
7.217640000000000327e+03 1.038421000000000038e+00
7.217742000000000189e+03 1.043284000000000100e+00
7.217842999999999847e+03 1.041489000000000109e+00
7.217939999999999600e+03 1.037433000000000050e+00
7.218042999999999665e+03 1.060537999999999981e+00
7.218140000000000327e+03 1.021276000000000073e+00
7.218235999999999876e+03 1.007451000000000096e+00
7.218337999999999738e+03 9.999152000000000040e-01
7.218438000000000102e+03 1.013987999999999889e+00
7.218545000000000073e+03 1.023913999999999991e+00
7.218648000000000138e+03 1.027578000000000102e+00
7.218743999999999687e+03 1.014788999999999941e+00
7.218845000000000255e+03 1.064019999999999966e+00
7.218943000000000211e+03 9.938614000000000059e-01
7.219046999999999571e+03 1.035948000000000091e+00
7.219149999999999636e+03 1.031425000000000036e+00
7.219244999999999891e+03 1.039091999999999905e+00
7.219342000000000553e+03 1.012350000000000083e+00
7.219434999999999491e+03 1.034675999999999929e+00
7.219529999999999745e+03 1.031333999999999973e+00
7.219627000000000407e+03 1.024432999999999927e+00
7.219722999999999956e+03 1.022621000000000002e+00
7.219823999999999614e+03 1.023055999999999965e+00
7.219921000000000276e+03 1.031986999999999988e+00
7.220017000000000735e+03 1.010783999999999905e+00
7.220118000000000393e+03 1.015899000000000107e+00
7.220210000000000036e+03 1.007427999999999990e+00
7.220307999999999993e+03 1.026011999999999924e+00
7.220408999999999651e+03 1.023495000000000044e+00
7.220511000000000422e+03 1.013614999999999933e+00
7.220617000000000189e+03 1.036172000000000093e+00
7.220713999999999942e+03 1.009236000000000022e+00
7.220813999999999396e+03 1.030661000000000049e+00
7.220916000000000167e+03 1.027914999999999912e+00
7.221012999999999920e+03 1.005244999999999944e+00
7.221117999999999483e+03 1.012567999999999913e+00
7.221217000000000553e+03 1.025122000000000089e+00
7.221313999999999396e+03 1.007231999999999905e+00
7.221414999999999964e+03 1.013778999999999986e+00
7.221506999999999607e+03 1.031257000000000090e+00
7.221603000000000065e+03 1.025940999999999992e+00
7.221701000000000022e+03 1.011918000000000095e+00
7.221797999999999774e+03 1.016027000000000013e+00
7.221903000000000247e+03 1.023819999999999952e+00
7.222001999999999498e+03 1.022844000000000086e+00
7.222101000000000568e+03 1.030564999999999953e+00
7.222199999999999818e+03 1.016553000000000040e+00
7.222297000000000480e+03 1.010008999999999935e+00
7.222400999999999840e+03 9.854062000000000099e-01
7.222502999999999702e+03 1.028351999999999933e+00
7.222606999999999971e+03 1.003891000000000089e+00
7.222713999999999942e+03 1.021139000000000019e+00
7.222814999999999600e+03 9.937966999999999773e-01
7.222920000000000073e+03 1.027492000000000072e+00
7.223020999999999731e+03 1.045414000000000065e+00
7.223123000000000502e+03 9.952469999999999928e-01
7.223229000000000269e+03 1.021606000000000014e+00
7.223328000000000429e+03 1.020923999999999943e+00
7.223429000000000087e+03 1.005846000000000018e+00
7.223524000000000342e+03 1.008893000000000040e+00
7.223619000000000597e+03 1.008416999999999897e+00
7.223721000000000458e+03 1.015160000000000062e+00
7.223819999999999709e+03 1.007838999999999929e+00
7.223920999999999367e+03 9.698198000000000096e-01
7.224020999999999731e+03 9.988938000000000539e-01
7.224116999999999280e+03 1.019536999999999916e+00
7.224219000000000051e+03 1.009362000000000092e+00
7.224315999999999804e+03 1.039101000000000052e+00
7.224412000000000262e+03 1.030008999999999952e+00
7.224514000000000124e+03 9.695732000000000239e-01
7.224612999999999374e+03 9.833667999999999854e-01
7.224719999999999345e+03 9.994828000000000046e-01
7.224821999999999207e+03 1.009311999999999987e+00
7.224917999999999665e+03 9.944113999999999454e-01
7.225020999999999731e+03 1.004253999999999980e+00
7.225118000000000393e+03 1.004637000000000002e+00
7.225220000000000255e+03 9.849172999999999956e-01
7.225323000000000320e+03 9.997458000000000178e-01
7.225417000000000371e+03 1.020210999999999979e+00
7.225515999999999622e+03 9.909320000000000350e-01
7.225609000000000378e+03 1.013179999999999970e+00
7.225701000000000022e+03 1.029258999999999924e+00
7.225801999999999680e+03 1.024574000000000096e+00
7.225899000000000342e+03 9.783916000000000279e-01
7.226002000000000407e+03 1.029220999999999941e+00
7.226100999999999658e+03 1.008323000000000080e+00
7.226198000000000320e+03 9.977918000000000065e-01
7.226296999999999571e+03 1.000847000000000042e+00
7.226387999999999920e+03 9.987228999999999690e-01
7.226487999999999374e+03 1.014696000000000042e+00
7.226590000000000146e+03 1.004725000000000090e+00
7.226689999999999600e+03 1.017816000000000054e+00
7.226797000000000480e+03 1.025341999999999976e+00
7.226894999999999527e+03 1.031452000000000035e+00
7.226996000000000095e+03 1.018566000000000082e+00
7.227100000000000364e+03 9.838590000000000391e-01
7.227198999999999614e+03 1.012188000000000088e+00
7.227302999999999884e+03 1.031447999999999920e+00
7.227403999999999542e+03 9.868818999999999786e-01
7.227500000000000000e+03 9.787569999999999881e-01
7.227599999999999454e+03 9.840149999999999730e-01
7.227694999999999709e+03 9.839276999999999607e-01
7.227792000000000371e+03 1.024710999999999927e+00
7.227891999999999825e+03 9.820991000000000026e-01
7.227992999999999483e+03 9.652686999999999795e-01
7.228099000000000160e+03 9.770613000000000214e-01
7.228195999999999913e+03 1.004458999999999991e+00
7.228293999999999869e+03 1.025387000000000048e+00
7.228394999999999527e+03 1.003087999999999980e+00
7.228492000000000189e+03 9.991491999999999596e-01
7.228599000000000160e+03 1.043420999999999932e+00
7.228702000000000226e+03 1.031568999999999958e+00
7.228805000000000291e+03 1.002704999999999957e+00
7.228912000000000262e+03 1.022280000000000078e+00
7.229012999999999920e+03 9.950942999999999872e-01
7.229116999999999280e+03 9.981111000000000288e-01
7.229218000000000757e+03 1.006763000000000075e+00
7.229320999999999913e+03 1.035279999999999978e+00
7.229427000000000589e+03 9.879206000000000376e-01
7.229524999999999636e+03 1.009352999999999945e+00
7.229622000000000298e+03 1.038874999999999993e+00
7.229703999999999724e+03 9.946431000000000022e-01
7.229743000000000393e+03 1.017296999999999896e+00
7.229753999999999905e+03 9.840744000000000158e-01
7.229762999999999920e+03 1.003243000000000107e+00
7.229768000000000029e+03 9.917844000000000104e-01
7.229770000000000437e+03 1.007127000000000105e+00
7.229771000000000640e+03 1.022103999999999902e+00
7.229773000000000138e+03 1.005562999999999985e+00
