energy intensity
6.863801999999999680e+03 5.252466800000000179e-03
6.873771999999999935e+03 7.608637300000000228e-03
6.883761999999999716e+03 6.190432099999999653e-03
6.893792000000000371e+03 4.769061500000000391e-03
6.903851999999999862e+03 4.032434900000000412e-03
6.913832000000000335e+03 3.683639500000000008e-03
6.923832000000000335e+03 2.113571099999999887e-03
6.933761999999999716e+03 1.865592899999999991e-03
6.943822000000000116e+03 9.667130899999999780e-04
6.953811999999999898e+03 6.103733099999999459e-04
6.963822000000000116e+03 8.374321600000000530e-04
6.973872000000000298e+03 6.368029500000000048e-05
6.983832000000000335e+03 -7.931580799999999763e-04
6.993811999999999898e+03 -2.078831000000000168e-03
7.003832000000000335e+03 -2.034484699999999837e-03
7.013771999999999935e+03 -1.831760900000000076e-03
7.023851999999999862e+03 -2.699064399999999853e-03
7.033841999999999643e+03 -2.782630300000000015e-03
7.043862000000000080e+03 -3.258658000000000214e-03
7.053801999999999680e+03 -3.500574900000000093e-03
7.063761999999999716e+03 -3.073364800000000143e-03
7.073761999999999716e+03 -3.126699399999999848e-03
7.083782000000000153e+03 -3.050497899999999978e-03
7.093832000000000335e+03 -1.080052400000000102e-03
7.094782000000000153e+03 -7.792129800000000342e-04
7.095261999999999716e+03 -8.996892500000000428e-04
7.095731999999999971e+03 -4.802222599999999750e-04
7.096202000000000226e+03 -1.002201999999999997e-04
7.096681999999999789e+03 -4.720238199999999933e-04
7.097152000000000044e+03 -5.796597199999999972e-04
7.097631999999999607e+03 -4.419071600000000206e-04
7.098101999999999862e+03 -2.553072900000000070e-04
7.098582000000000335e+03 4.157425699999999771e-04
7.099051999999999680e+03 3.155602500000000252e-04
7.099532000000000153e+03 6.993695099999999460e-04
7.100002000000000407e+03 8.403597600000000485e-04
7.100471999999999753e+03 9.007213800000000515e-04
7.100952000000000226e+03 1.504395400000000087e-03
7.101421999999999571e+03 1.512525000000000024e-03
7.101902000000000044e+03 1.124960799999999992e-03
7.102372000000000298e+03 1.735777700000000002e-03
7.102851999999999862e+03 2.040276199999999790e-03
7.103322000000000116e+03 2.222492899999999830e-03
7.103801999999999680e+03 3.057818199999999976e-03
7.104271999999999935e+03 3.145114300000000172e-03
7.104752000000000407e+03 3.661903099999999807e-03
7.105231999999999971e+03 3.922802500000000143e-03
7.105702000000000226e+03 4.217441399999999861e-03
7.106181999999999789e+03 4.544816400000000270e-03
7.106652000000000044e+03 5.307018000000000152e-03
7.107131999999999607e+03 6.025413900000000170e-03
7.107601999999999862e+03 6.991315599999999887e-03
7.108082000000000335e+03 7.262387900000000229e-03
7.108551999999999680e+03 8.160956299999999261e-03
7.109032000000000153e+03 9.033455600000000335e-03
7.109511999999999716e+03 1.074872600000000011e-02
7.109981999999999971e+03 1.232506100000000000e-02
7.110462000000000444e+03 1.458067600000000075e-02
7.110931999999999789e+03 1.769595800000000121e-02
7.111412000000000262e+03 2.239604499999999984e-02
7.111891999999999825e+03 3.074045300000000092e-02
7.112362000000000080e+03 4.532358300000000062e-02
7.112841999999999643e+03 6.811502199999999729e-02
7.113322000000000116e+03 9.134196699999999614e-02
7.113792000000000371e+03 1.038156900000000021e-01
7.114271999999999935e+03 9.737110799999999788e-02
7.114752000000000407e+03 8.451751700000000034e-02
7.115221999999999753e+03 7.786726400000000547e-02
7.115702000000000226e+03 7.723662300000000425e-02
7.116181999999999789e+03 7.890919200000000300e-02
7.116652000000000044e+03 8.113951399999999592e-02
7.117131999999999607e+03 8.264936900000000031e-02
7.117612000000000080e+03 8.468237200000000575e-02
7.118091999999999643e+03 8.736614500000000616e-02
7.118561999999999898e+03 9.216031399999999318e-02
7.119042000000000371e+03 1.011037000000000047e-01
7.119521999999999935e+03 1.150777800000000045e-01
7.119992000000000189e+03 1.349989099999999997e-01
7.120471999999999753e+03 1.615580600000000033e-01
7.120952000000000226e+03 1.963501199999999891e-01
7.121431999999999789e+03 2.408448699999999887e-01
7.121902000000000044e+03 2.951560200000000189e-01
7.122381999999999607e+03 3.535272400000000204e-01
7.122862000000000080e+03 4.115025700000000120e-01
7.123341999999999643e+03 4.636313699999999871e-01
7.123822000000000116e+03 5.081402099999999811e-01
7.124292000000000371e+03 5.492494599999999672e-01
7.124771999999999935e+03 5.907048099999999691e-01
7.125252000000000407e+03 6.384710700000000294e-01
7.125731999999999971e+03 6.967051800000000350e-01
7.126212000000000444e+03 7.647328399999999693e-01
7.126692000000000007e+03 8.380499999999999616e-01
7.127162000000000262e+03 9.036909699999999823e-01
7.127641999999999825e+03 9.625193399999999455e-01
7.128122000000000298e+03 1.004471600000000020e+00
7.128601999999999862e+03 1.037761699999999898e+00
7.129082000000000335e+03 1.065212899999999907e+00
7.129561999999999898e+03 1.094780599999999993e+00
7.130042000000000371e+03 1.133190200000000036e+00
7.130511999999999716e+03 1.174666200000000105e+00
7.130992000000000189e+03 1.217954399999999993e+00
7.131471999999999753e+03 1.279434200000000077e+00
7.131952000000000226e+03 1.320592500000000058e+00
7.132431999999999789e+03 1.348940100000000086e+00
7.132912000000000262e+03 1.364535300000000007e+00
7.133391999999999825e+03 1.364426600000000045e+00
7.133872000000000298e+03 1.349665499999999962e+00
7.134351999999999862e+03 1.324174900000000044e+00
7.134832000000000335e+03 1.293973599999999946e+00
7.135311999999999898e+03 1.259405099999999944e+00
7.135792000000000371e+03 1.237451899999999938e+00
7.136271999999999935e+03 1.219612499999999988e+00
7.136752000000000407e+03 1.204149799999999937e+00
7.137231999999999971e+03 1.194223899999999894e+00
7.137712000000000444e+03 1.190118400000000021e+00
7.138192000000000007e+03 1.183072600000000030e+00
7.138671999999999571e+03 1.174320599999999937e+00
7.139152000000000044e+03 1.167210999999999999e+00
7.139631999999999607e+03 1.158195499999999933e+00
7.140112000000000080e+03 1.152391699999999908e+00
7.140591999999999643e+03 1.147477700000000045e+00
7.141072000000000116e+03 1.133891999999999900e+00
7.141551999999999680e+03 1.121353100000000103e+00
7.142032000000000153e+03 1.107639000000000040e+00
7.142511999999999716e+03 1.095322099999999965e+00
7.142992000000000189e+03 1.077072100000000088e+00
7.143471999999999753e+03 1.067180500000000087e+00
7.143952000000000226e+03 1.067647500000000083e+00
7.144431999999999789e+03 1.065590800000000060e+00
7.144912000000000262e+03 1.064256700000000055e+00
7.145391999999999825e+03 1.063392499999999963e+00
7.145872000000000298e+03 1.071895000000000042e+00
7.146362000000000080e+03 1.076670599999999922e+00
7.146841999999999643e+03 1.082716800000000035e+00
7.147322000000000116e+03 1.086135199999999967e+00
7.147801999999999680e+03 1.081755800000000045e+00
7.148282000000000153e+03 1.076713599999999937e+00
7.148761999999999716e+03 1.069544599999999956e+00
7.149242000000000189e+03 1.060679200000000044e+00
7.149731999999999971e+03 1.047846800000000078e+00
7.150212000000000444e+03 1.033719999999999972e+00
7.150692000000000007e+03 1.020619900000000024e+00
7.151171999999999571e+03 1.005013500000000004e+00
7.151652000000000044e+03 9.905717400000000339e-01
7.152131999999999607e+03 9.813289299999999882e-01
7.152622000000000298e+03 9.668430799999999659e-01
7.153101999999999862e+03 9.582913499999999862e-01
7.153582000000000335e+03 9.518892899999999990e-01
7.154061999999999898e+03 9.450514700000000046e-01
7.154542000000000371e+03 9.372050899999999629e-01
7.155032000000000153e+03 9.336303500000000533e-01
7.155511999999999716e+03 9.277325400000000499e-01
7.155992000000000189e+03 9.191817899999999986e-01
7.156471999999999753e+03 9.153934099999999630e-01
7.156962000000000444e+03 9.085549000000000541e-01
7.157442000000000007e+03 9.008024999999999505e-01
7.157921999999999571e+03 8.984612499999999891e-01
7.158412000000000262e+03 8.889408800000000443e-01
7.158891999999999825e+03 8.843208399999999969e-01
7.159372000000000298e+03 8.789118700000000395e-01
7.159851999999999862e+03 8.728427699999999900e-01
7.160341999999999643e+03 8.726103100000000001e-01
7.160822000000000116e+03 8.658357800000000548e-01
7.161301999999999680e+03 8.617453900000000555e-01
7.161792000000000371e+03 8.619195200000000501e-01
7.162271999999999935e+03 8.614496799999999954e-01
7.162752000000000407e+03 8.625417199999999562e-01
7.163242000000000189e+03 8.611962600000000467e-01
7.163721999999999753e+03 8.606032999999999600e-01
7.164202000000000226e+03 8.642445300000000108e-01
7.164692000000000007e+03 8.643800400000000161e-01
7.165171999999999571e+03 8.673571700000000106e-01
7.165662000000000262e+03 8.695568099999999578e-01
7.166141999999999825e+03 8.707829200000000158e-01
7.166622000000000298e+03 8.741678600000000188e-01
7.167112000000000080e+03 8.792826400000000042e-01
7.167591999999999643e+03 8.809263400000000299e-01
7.168082000000000335e+03 8.827036900000000408e-01
7.168561999999999898e+03 8.903072600000000447e-01
7.169042000000000371e+03 8.937468600000000318e-01
7.169532000000000153e+03 8.965614100000000031e-01
7.170011999999999716e+03 9.014260600000000290e-01
7.170502000000000407e+03 9.063167399999999541e-01
7.170981999999999971e+03 9.126168700000000245e-01
7.171471999999999753e+03 9.187986700000000395e-01
7.171952000000000226e+03 9.240833099999999911e-01
7.172442000000000007e+03 9.298690400000000356e-01
7.172921999999999571e+03 9.371178300000000405e-01
7.173412000000000262e+03 9.442088899999999674e-01
7.173891999999999825e+03 9.497242900000000265e-01
7.174381999999999607e+03 9.588895699999999689e-01
7.174862000000000080e+03 9.683358399999999477e-01
7.175351999999999862e+03 9.747559099999999477e-01
7.175832000000000335e+03 9.814646099999999596e-01
7.176322000000000116e+03 9.875367699999999527e-01
7.176801999999999680e+03 9.919448100000000101e-01
7.177292000000000371e+03 9.936007399999999823e-01
7.177771999999999935e+03 9.995091200000000287e-01
7.178261999999999716e+03 1.002642100000000092e+00
7.178742000000000189e+03 1.006388400000000072e+00
7.179231999999999971e+03 1.009378399999999898e+00
7.179721999999999753e+03 1.015028599999999948e+00
7.180202000000000226e+03 1.016135400000000022e+00
7.180692000000000007e+03 1.023138899999999962e+00
7.181171999999999571e+03 1.023250999999999911e+00
7.181662000000000262e+03 1.028091199999999983e+00
7.182152000000000044e+03 1.032020399999999949e+00
7.182631999999999607e+03 1.033817100000000044e+00
7.183122000000000298e+03 1.040246400000000015e+00
7.183601999999999862e+03 1.042422799999999983e+00
7.184091999999999643e+03 1.047913300000000048e+00
7.184582000000000335e+03 1.047671699999999984e+00
7.185061999999999898e+03 1.048136799999999980e+00
7.185551999999999680e+03 1.052102899999999952e+00
7.186042000000000371e+03 1.050156300000000043e+00
7.186521999999999935e+03 1.050085600000000063e+00
7.187011999999999716e+03 1.053096400000000044e+00
7.187502000000000407e+03 1.051317899999999916e+00
7.187992000000000189e+03 1.050805400000000001e+00
7.188471999999999753e+03 1.053818799999999944e+00
7.188962000000000444e+03 1.050442600000000004e+00
7.189452000000000226e+03 1.049059900000000045e+00
7.189931999999999789e+03 1.050440700000000005e+00
7.190421999999999571e+03 1.051393599999999928e+00
7.190912000000000262e+03 1.050477600000000011e+00
7.191402000000000044e+03 1.051169299999999973e+00
7.191881999999999607e+03 1.052153300000000069e+00
7.192372000000000298e+03 1.047826099999999983e+00
7.192862000000000080e+03 1.049773599999999973e+00
7.193351999999999862e+03 1.046774799999999894e+00
7.193832000000000335e+03 1.045034999999999936e+00
7.194811999999999898e+03 1.042834899999999898e+00
7.196641999999999825e+03 1.041924899999999932e+00
7.198471999999999753e+03 1.036942299999999983e+00
7.200431999999999789e+03 1.028722600000000043e+00
7.202261999999999716e+03 1.022303900000000043e+00
7.204221999999999753e+03 1.014790099999999917e+00
7.206171999999999571e+03 1.006905900000000020e+00
7.208131999999999607e+03 1.001984200000000103e+00
7.210091999999999643e+03 9.927677200000000202e-01
7.212181999999999789e+03 9.943697299999999517e-01
7.214141999999999825e+03 9.897883800000000232e-01
7.216221999999999753e+03 9.945688999999999780e-01
7.218311999999999898e+03 9.962497900000000239e-01
7.220402000000000044e+03 9.974913399999999486e-01
7.222492000000000189e+03 1.004851799999999962e+00
7.224582000000000335e+03 1.008825700000000047e+00
7.226671999999999571e+03 1.015056100000000017e+00
7.228891999999999825e+03 1.011954999999999938e+00
7.231112000000000080e+03 1.009817900000000046e+00
7.233332000000000335e+03 1.005966600000000044e+00
7.235551999999999680e+03 1.002062599999999915e+00
7.237771999999999935e+03 9.959345800000000137e-01
7.240122000000000298e+03 9.918570599999999571e-01
7.242351999999999862e+03 9.841070899999999622e-01
7.244702000000000226e+03 9.747822600000000115e-01
7.247051999999999680e+03 9.686536999999999509e-01
7.249402000000000044e+03 9.647160799999999758e-01
7.251761999999999716e+03 9.685595700000000363e-01
7.254112000000000080e+03 9.710203899999999555e-01
7.256601999999999862e+03 9.768095300000000369e-01
7.258962000000000444e+03 9.859862200000000243e-01
7.261442000000000007e+03 9.929891600000000373e-01
7.263931999999999789e+03 1.005365099999999901e+00
7.266421999999999571e+03 1.012397500000000061e+00
7.268912000000000262e+03 1.020330399999999971e+00
7.271532000000000153e+03 1.028475999999999946e+00
7.274032000000000153e+03 1.028568099999999985e+00
7.276652000000000044e+03 1.027718700000000096e+00
7.279271999999999935e+03 1.030635500000000038e+00
7.281902000000000044e+03 1.030975399999999986e+00
7.284532000000000153e+03 1.027895900000000085e+00
7.287152000000000044e+03 1.027264399999999966e+00
7.289912000000000262e+03 1.021619000000000055e+00
7.292551999999999680e+03 1.017497099999999932e+00
7.295311999999999898e+03 1.009064699999999926e+00
7.298072000000000116e+03 1.006593700000000036e+00
7.300841999999999643e+03 1.002566499999999916e+00
7.303601999999999862e+03 9.999490399999999557e-01
7.306372000000000298e+03 9.976691399999999543e-01
7.309271999999999935e+03 9.946248500000000048e-01
7.312171999999999571e+03 9.943948200000000126e-01
7.314952000000000226e+03 9.925203500000000512e-01
7.317862000000000080e+03 9.942255199999999737e-01
7.320761999999999716e+03 9.997406199999999687e-01
7.323671999999999571e+03 1.003024300000000091e+00
7.326712000000000444e+03 1.005519599999999958e+00
7.329631999999999607e+03 1.009118900000000041e+00
7.332671999999999571e+03 1.010444099999999956e+00
7.335721999999999753e+03 1.013963900000000029e+00
7.338771999999999935e+03 1.012502599999999919e+00
7.341822000000000116e+03 1.008790800000000099e+00
7.344881999999999607e+03 1.006918500000000050e+00
7.347931999999999789e+03 1.004305599999999909e+00
7.351122000000000298e+03 9.969281199999999732e-01
7.354181999999999789e+03 9.966191599999999484e-01
7.357381999999999607e+03 9.938541899999999707e-01
7.360572000000000116e+03 9.932841599999999715e-01
7.363771999999999935e+03 9.946066399999999863e-01
7.366981999999999971e+03 9.957856800000000064e-01
7.370181999999999789e+03 9.945335699999999779e-01
7.373521999999999935e+03 9.972559500000000021e-01
7.376731999999999971e+03 1.000197999999999920e+00
7.380072000000000116e+03 9.992829699999999926e-01
7.383421999999999571e+03 9.987161500000000247e-01
7.386761999999999716e+03 1.001052400000000064e+00
7.390122000000000298e+03 1.000532900000000058e+00
7.393471999999999753e+03 1.006062100000000070e+00
7.396962000000000444e+03 1.006510800000000039e+00
7.400322000000000116e+03 1.006159400000000037e+00
7.403811999999999898e+03 1.009488200000000058e+00
7.407311999999999898e+03 1.007776999999999923e+00
7.410811999999999898e+03 1.009221499999999994e+00
7.414322000000000116e+03 1.005911199999999894e+00
7.417832000000000335e+03 1.004578200000000088e+00
7.421341999999999643e+03 1.002622399999999914e+00
7.424981999999999971e+03 1.001018500000000033e+00
7.428502000000000407e+03 1.000556500000000071e+00
7.432152000000000044e+03 9.986667700000000369e-01
7.435811999999999898e+03 9.967768000000000184e-01
7.439471999999999753e+03 9.958620999999999723e-01
7.443131999999999607e+03 9.966121599999999692e-01
7.446801999999999680e+03 9.975929900000000128e-01
7.450601999999999862e+03 9.975163400000000014e-01
7.454282000000000153e+03 1.000081500000000068e+00
7.458091999999999643e+03 1.000224500000000072e+00
7.461902000000000044e+03 1.000738300000000081e+00
7.465721999999999753e+03 1.001998600000000073e+00
7.469542000000000371e+03 1.000552899999999967e+00
7.473372000000000298e+03 9.993248700000000317e-01
7.477202000000000226e+03 9.983486999999999778e-01
7.481032000000000153e+03 1.000303900000000024e+00
7.485002000000000407e+03 9.994980999999999449e-01
7.488851999999999862e+03 9.991754699999999545e-01
7.492832000000000335e+03 9.982667499999999805e-01
7.496811999999999898e+03 9.984829499999999802e-01
7.500801999999999680e+03 9.972851999999999828e-01
7.504792000000000371e+03 9.984792099999999504e-01
7.508792000000000371e+03 9.999208299999999827e-01
7.512921999999999571e+03 9.999766799999999511e-01
7.516931999999999789e+03 9.984971500000000555e-01
7.521082000000000335e+03 9.975625599999999871e-01
7.525221999999999753e+03 9.979864800000000091e-01
7.529242000000000189e+03 9.988947099999999635e-01
7.533402000000000044e+03 1.000134199999999973e+00
7.537702000000000226e+03 9.995249000000000494e-01
7.541872000000000298e+03 1.001993099999999970e+00
7.546042000000000371e+03 1.003438599999999958e+00
7.550221999999999753e+03 9.993085400000000229e-01
7.554542000000000371e+03 1.000210899999999903e+00
7.558862000000000080e+03 9.980232799999999571e-01
7.563051999999999680e+03 9.982262100000000027e-01
7.567391999999999825e+03 1.000294999999999934e+00
7.571721999999999753e+03 9.991751399999999617e-01
7.576202000000000226e+03 9.998301899999999520e-01
7.580551999999999680e+03 9.992839799999999606e-01
7.584912000000000262e+03 9.994779099999999694e-01
7.589402000000000044e+03 1.000678500000000026e+00
7.593771999999999935e+03 9.998175700000000443e-01
7.598271999999999935e+03 9.999854500000000534e-01
7.602782000000000153e+03 9.998970799999999937e-01
7.607301999999999680e+03 1.000525899999999968e+00
7.611822000000000116e+03 9.995827299999999749e-01
7.616351999999999862e+03 1.001171100000000092e+00
7.620891999999999825e+03 9.998088400000000320e-01
7.625431999999999789e+03 9.996861999999999693e-01
7.630112000000000080e+03 9.999471599999999460e-01
7.634662000000000262e+03 9.994799800000000456e-01
7.639351999999999862e+03 9.988692200000000021e-01
7.644051999999999680e+03 1.000734000000000012e+00
7.648761999999999716e+03 1.000218599999999958e+00
7.653471999999999753e+03 1.000820199999999938e+00
7.658192000000000007e+03 9.985592100000000304e-01
7.662921999999999571e+03 9.988082700000000536e-01
7.667652000000000044e+03 9.994425099999999507e-01
7.672532000000000153e+03 9.988499499999999864e-01
7.677271999999999935e+03 1.000517099999999937e+00
7.682162000000000262e+03 9.992777299999999752e-01
7.687051999999999680e+03 9.992722299999999835e-01
7.691811999999999898e+03 9.991278700000000290e-01
7.696721999999999753e+03 1.000951700000000111e+00
7.701641999999999825e+03 1.001062499999999966e+00
7.706561999999999898e+03 1.000201399999999907e+00
7.711631999999999607e+03 1.001391900000000001e+00
7.716561999999999898e+03 1.001056299999999899e+00
7.721502000000000407e+03 1.000681900000000013e+00
7.726591999999999643e+03 9.993630700000000200e-01
7.731692000000000007e+03 1.000471899999999970e+00
7.736652000000000044e+03 1.000257200000000068e+00
7.741761999999999716e+03 9.997273100000000357e-01
7.746881999999999607e+03 9.998750100000000085e-01
7.752002000000000407e+03 1.000133699999999903e+00
7.757131999999999607e+03 1.000383000000000022e+00
7.762271999999999935e+03 1.001673400000000047e+00
7.767561999999999898e+03 9.999858900000000439e-01
7.772712000000000444e+03 1.000098699999999896e+00
7.778011999999999716e+03 1.000204099999999929e+00
7.783181999999999789e+03 1.000414700000000101e+00
7.788492000000000189e+03 9.994107100000000354e-01
7.793822000000000116e+03 1.000174300000000072e+00
7.799011999999999716e+03 9.997709000000000179e-01
7.804351999999999862e+03 1.000784799999999919e+00
7.809692000000000007e+03 9.996710699999999949e-01
7.815051999999999680e+03 1.001448899999999975e+00
7.820561999999999898e+03 1.000860400000000094e+00
7.825931999999999789e+03 1.001469500000000012e+00
7.831301999999999680e+03 1.000394999999999923e+00
7.836841999999999643e+03 1.000205100000000069e+00
7.842231999999999971e+03 9.995517499999999611e-01
7.847782000000000153e+03 9.996555599999999986e-01
7.853332000000000335e+03 1.000812199999999930e+00
7.858902000000000044e+03 9.993054300000000501e-01
7.864471999999999753e+03 9.992638999999999827e-01
7.870051999999999680e+03 1.000299100000000108e+00
7.875631999999999607e+03 1.000144900000000003e+00
7.881231999999999971e+03 1.000063300000000099e+00
7.886841999999999643e+03 1.000393700000000052e+00
7.892452000000000226e+03 9.990600200000000486e-01
7.898221999999999753e+03 1.000128300000000081e+00
7.903851999999999862e+03 9.988057200000000080e-01
7.909631999999999607e+03 9.987592800000000270e-01
