energy intensity
6.860760000000000218e+03 3.399857799999999892e-03
6.870729999999999563e+03 3.005206699999999828e-02
6.880720000000000255e+03 2.073717099999999869e-02
6.890750000000000000e+03 1.531135999999999955e-02
6.900810000000000400e+03 1.187920299999999964e-02
6.910789999999999964e+03 9.319600699999999738e-03
6.920789999999999964e+03 -3.526233900000000018e-03
6.930720000000000255e+03 5.667203099999999598e-03
6.940779999999999745e+03 4.680757899999999673e-03
6.950770000000000437e+03 2.004833399999999839e-03
6.960779999999999745e+03 5.158341599999999652e-04
6.970829999999999927e+03 -1.944080300000000042e-03
6.980789999999999964e+03 -6.196351699999999921e-03
6.990770000000000437e+03 -4.595802500000000131e-03
7.000789999999999964e+03 -6.183459199999999725e-03
7.010729999999999563e+03 -4.075978400000000203e-03
7.020810000000000400e+03 -5.213207499999999821e-03
7.030800000000000182e+03 -4.423045900000000322e-03
7.040819999999999709e+03 -3.858077899999999994e-03
7.050760000000000218e+03 -2.499924399999999859e-03
7.060720000000000255e+03 -3.448251900000000141e-03
7.061779999999999745e+03 -6.257468399999999674e-03
7.062369999999999891e+03 -4.996572099999999940e-03
7.062949999999999818e+03 -2.801455799999999843e-03
7.063539999999999964e+03 -2.366504599999999948e-03
7.064130000000000109e+03 -3.351999100000000072e-03
7.064720000000000255e+03 -2.055073100000000177e-03
7.065310000000000400e+03 -3.301929700000000127e-03
7.065890000000000327e+03 -3.221949899999999867e-03
7.066479999999999563e+03 -4.425677499999999993e-03
7.067069999999999709e+03 -4.350426899999999993e-03
7.067659999999999854e+03 -2.928777799999999869e-03
7.068250000000000000e+03 -2.269889599999999966e-03
7.068829999999999927e+03 -2.445508299999999986e-03
7.069420000000000073e+03 -3.384183399999999946e-03
7.070010000000000218e+03 -2.805603199999999898e-03
7.070600000000000364e+03 -2.979228500000000168e-03
7.071189999999999600e+03 -1.161838799999999946e-03
7.071779999999999745e+03 -1.923779200000000095e-03
7.072369999999999891e+03 -2.388130400000000163e-03
7.072960000000000036e+03 -2.037841299999999974e-03
7.073539999999999964e+03 -3.373716200000000196e-03
7.074130000000000109e+03 -3.044116899999999796e-03
7.074720000000000255e+03 -2.888562300000000003e-03
7.075310000000000400e+03 -1.698326399999999922e-03
7.075899999999999636e+03 -1.653945100000000015e-03
7.076489999999999782e+03 -7.835906599999999350e-05
7.077079999999999927e+03 5.505236200000000442e-04
7.077670000000000073e+03 -1.098862400000000011e-04
7.078260000000000218e+03 5.646459200000000225e-04
7.078850000000000364e+03 2.201713799999999892e-04
7.079439999999999600e+03 -2.613358300000000081e-04
7.080029999999999745e+03 -1.546518700000000003e-04
7.080619999999999891e+03 -7.754877700000000103e-04
7.081210000000000036e+03 1.777391400000000101e-04
7.081800000000000182e+03 -1.701413099999999907e-04
7.082399999999999636e+03 -2.221234199999999950e-03
7.082989999999999782e+03 3.138996499999999754e-04
7.083579999999999927e+03 1.321532399999999965e-03
7.084170000000000073e+03 1.758978499999999971e-03
7.084760000000000218e+03 1.533094299999999922e-03
7.085350000000000364e+03 5.959938899999999784e-04
7.085939999999999600e+03 5.160368499999999550e-04
7.086529999999999745e+03 9.014526300000000455e-04
7.087119999999999891e+03 7.023293000000000182e-06
7.087720000000000255e+03 1.249234299999999994e-03
7.088310000000000400e+03 1.662265900000000100e-03
7.088899999999999636e+03 3.091009200000000099e-03
7.089489999999999782e+03 2.331917399999999894e-03
7.090079999999999927e+03 5.499134899999999580e-04
7.090680000000000291e+03 3.452001100000000149e-03
7.091270000000000437e+03 4.670827300000000327e-03
7.091859999999999673e+03 4.855857899999999755e-03
7.092449999999999818e+03 3.626209000000000029e-03
7.093050000000000182e+03 4.234746400000000306e-03
7.093640000000000327e+03 1.841579699999999894e-03
7.094229999999999563e+03 2.808528600000000010e-03
7.094819999999999709e+03 2.363188600000000212e-03
7.095420000000000073e+03 3.325129999999999926e-03
7.096010000000000218e+03 4.737749700000000105e-03
7.096600000000000364e+03 5.060862699999999978e-03
7.097199999999999818e+03 5.903214199999999579e-03
7.097789999999999964e+03 5.868894900000000241e-03
7.098380000000000109e+03 5.374134299999999698e-03
7.098979999999999563e+03 6.812812399999999824e-03
7.099569999999999709e+03 7.499412700000000244e-03
7.100170000000000073e+03 8.066959800000000555e-03
7.100760000000000218e+03 8.696259099999999187e-03
7.101350000000000364e+03 9.279074999999999476e-03
7.101949999999999818e+03 1.093754599999999938e-02
7.102539999999999964e+03 1.016142100000000034e-02
7.103140000000000327e+03 1.043720199999999959e-02
7.103729999999999563e+03 1.026778499999999976e-02
7.104329999999999927e+03 1.147087500000000017e-02
7.104920000000000073e+03 1.355639800000000075e-02
7.105510000000000218e+03 1.474398300000000044e-02
7.106109999999999673e+03 1.362695700000000031e-02
7.106699999999999818e+03 1.479682400000000009e-02
7.107300000000000182e+03 1.472292199999999940e-02
7.107890000000000327e+03 1.597092699999999935e-02
7.108489999999999782e+03 1.715093800000000099e-02
7.109090000000000146e+03 2.073902000000000037e-02
7.109680000000000291e+03 2.366007800000000105e-02
7.110279999999999745e+03 2.743307899999999910e-02
7.110869999999999891e+03 3.258123200000000164e-02
7.111470000000000255e+03 4.325705900000000048e-02
7.112060000000000400e+03 6.044851799999999969e-02
7.112659999999999854e+03 7.244651400000000352e-02
7.113260000000000218e+03 7.340451600000000298e-02
7.113850000000000364e+03 6.926069199999999870e-02
7.114449999999999818e+03 6.767000099999999352e-02
7.115050000000000182e+03 6.630928599999999506e-02
7.115640000000000327e+03 6.876720199999999950e-02
7.116239999999999782e+03 8.082581599999999478e-02
7.116840000000000146e+03 1.008755699999999977e-01
7.117430000000000291e+03 1.388158100000000117e-01
7.118029999999999745e+03 1.966630299999999887e-01
7.118630000000000109e+03 2.781118200000000096e-01
7.119220000000000255e+03 3.865240400000000132e-01
7.119819999999999709e+03 5.113526999999999934e-01
7.120420000000000073e+03 6.277047300000000440e-01
7.121020000000000437e+03 7.204406399999999655e-01
7.121609999999999673e+03 7.860813899999999910e-01
7.122210000000000036e+03 8.334242899999999565e-01
7.122810000000000400e+03 8.780590700000000526e-01
7.123409999999999854e+03 9.277489100000000377e-01
7.124000000000000000e+03 9.872064499999999576e-01
7.124600000000000364e+03 1.056746299999999916e+00
7.125199999999999818e+03 1.123985400000000023e+00
7.125800000000000182e+03 1.183025800000000016e+00
7.126399999999999636e+03 1.222858299999999954e+00
7.127000000000000000e+03 1.244288099999999897e+00
7.127590000000000146e+03 1.255690399999999984e+00
7.128189999999999600e+03 1.257095599999999980e+00
7.128789999999999964e+03 1.252839599999999942e+00
7.129390000000000327e+03 1.247160800000000069e+00
7.129989999999999782e+03 1.243001299999999976e+00
7.130590000000000146e+03 1.235377299999999900e+00
7.131189999999999600e+03 1.225411000000000028e+00
7.131789999999999964e+03 1.210471099999999911e+00
7.132390000000000327e+03 1.193738200000000083e+00
7.132989999999999782e+03 1.183817499999999967e+00
7.133590000000000146e+03 1.169333600000000084e+00
7.134189999999999600e+03 1.153685700000000036e+00
7.134789999999999964e+03 1.139103100000000035e+00
7.135390000000000327e+03 1.124972599999999989e+00
7.135989999999999782e+03 1.111213900000000088e+00
7.136590000000000146e+03 1.099036099999999960e+00
7.137189999999999600e+03 1.091401800000000089e+00
7.137789999999999964e+03 1.081901400000000013e+00
7.138390000000000327e+03 1.073607299999999931e+00
7.138989999999999782e+03 1.065653600000000090e+00
7.139590000000000146e+03 1.058057400000000037e+00
7.140189999999999600e+03 1.048810100000000078e+00
7.140789999999999964e+03 1.041633000000000031e+00
7.141390000000000327e+03 1.037790200000000107e+00
7.141989999999999782e+03 1.032417799999999941e+00
7.142590000000000146e+03 1.022397599999999906e+00
7.143199999999999818e+03 1.013260100000000108e+00
7.143800000000000182e+03 1.005425100000000072e+00
7.144399999999999636e+03 9.970210999999999935e-01
7.145000000000000000e+03 9.857773300000000072e-01
7.145600000000000364e+03 9.770850700000000000e-01
7.146199999999999818e+03 9.684682100000000515e-01
7.146810000000000400e+03 9.582964899999999453e-01
7.147409999999999854e+03 9.502566099999999460e-01
7.148010000000000218e+03 9.429582699999999873e-01
7.148609999999999673e+03 9.324560499999999807e-01
7.149210000000000036e+03 9.260283099999999656e-01
7.149819999999999709e+03 9.205383000000000315e-01
7.150420000000000073e+03 9.147819200000000261e-01
7.151020000000000437e+03 9.098410399999999898e-01
7.151630000000000109e+03 9.052230599999999683e-01
7.152229999999999563e+03 9.007955899999999794e-01
7.152829999999999927e+03 8.999358499999999816e-01
7.153430000000000291e+03 8.960105400000000220e-01
7.154039999999999964e+03 8.951979100000000411e-01
7.154640000000000327e+03 8.968371000000000537e-01
7.155239999999999782e+03 8.983017899999999889e-01
7.155850000000000364e+03 8.989769600000000471e-01
7.156449999999999818e+03 8.996553600000000150e-01
7.157060000000000400e+03 9.020370100000000280e-01
7.157659999999999854e+03 9.032983500000000276e-01
7.158260000000000218e+03 9.052443300000000415e-01
7.158869999999999891e+03 9.097663200000000172e-01
7.159470000000000255e+03 9.126620800000000422e-01
7.160079999999999927e+03 9.158691700000000102e-01
7.160680000000000291e+03 9.190233300000000272e-01
7.161289999999999964e+03 9.217835899999999860e-01
7.161890000000000327e+03 9.262489999999999890e-01
7.162489999999999782e+03 9.304828899999999514e-01
7.163100000000000364e+03 9.344044400000000028e-01
7.163699999999999818e+03 9.376172499999999577e-01
7.164310000000000400e+03 9.406613700000000522e-01
7.164909999999999854e+03 9.441540000000000488e-01
7.165520000000000437e+03 9.482294999999999474e-01
7.166130000000000109e+03 9.506683099999999609e-01
7.166729999999999563e+03 9.554515599999999775e-01
7.167340000000000146e+03 9.580112200000000522e-01
7.167939999999999600e+03 9.588910999999999962e-01
7.168550000000000182e+03 9.618778599999999734e-01
7.169149999999999636e+03 9.682481699999999636e-01
7.169760000000000218e+03 9.695535699999999757e-01
7.170369999999999891e+03 9.731536899999999601e-01
7.170970000000000255e+03 9.756549799999999495e-01
7.171579999999999927e+03 9.791946700000000448e-01
7.172189999999999600e+03 9.826375499999999708e-01
7.172789999999999964e+03 9.852960600000000291e-01
7.173399999999999636e+03 9.915772600000000159e-01
7.174000000000000000e+03 9.951212600000000075e-01
7.174609999999999673e+03 1.000116599999999911e+00
7.175220000000000255e+03 1.001633800000000019e+00
7.175829999999999927e+03 1.003620699999999921e+00
7.176430000000000291e+03 1.006252200000000041e+00
7.177039999999999964e+03 1.004496499999999903e+00
7.177649999999999636e+03 1.005191399999999957e+00
7.178260000000000218e+03 1.008098699999999903e+00
7.178859999999999673e+03 1.009613099999999930e+00
7.179470000000000255e+03 1.010465100000000005e+00
7.180079999999999927e+03 1.009578000000000086e+00
7.180689999999999600e+03 1.010541300000000087e+00
7.181289999999999964e+03 1.011549400000000043e+00
7.181899999999999636e+03 1.011970800000000059e+00
7.182510000000000218e+03 1.012144900000000014e+00
7.186159999999999854e+03 1.023282699999999990e+00
7.186770000000000437e+03 1.022709799999999891e+00
7.187380000000000109e+03 1.023475899999999994e+00
7.187989999999999782e+03 1.022418499999999897e+00
7.188600000000000364e+03 1.022535699999999936e+00
7.189210000000000036e+03 1.022076699999999949e+00
7.189819999999999709e+03 1.021642799999999962e+00
7.190430000000000291e+03 1.021472900000000017e+00
7.191039999999999964e+03 1.019966799999999951e+00
7.191649999999999636e+03 1.019316099999999947e+00
7.192260000000000218e+03 1.018693899999999930e+00
7.192869999999999891e+03 1.017735700000000021e+00
7.193479999999999563e+03 1.018384399999999967e+00
7.194090000000000146e+03 1.020329899999999901e+00
7.194699999999999818e+03 1.016904299999999983e+00
7.195310000000000400e+03 1.013571000000000000e+00
7.195920000000000073e+03 1.012236200000000030e+00
7.196529999999999745e+03 1.011052000000000062e+00
7.197140000000000327e+03 1.011760699999999957e+00
7.197750000000000000e+03 1.013234900000000049e+00
7.198359999999999673e+03 1.010942800000000030e+00
7.198970000000000255e+03 1.010613599999999890e+00
7.199590000000000146e+03 1.009562000000000070e+00
7.200199999999999818e+03 1.006003299999999934e+00
7.200810000000000400e+03 1.007382800000000023e+00
7.201420000000000073e+03 1.006338399999999966e+00
7.202029999999999745e+03 1.003912099999999974e+00
7.202640000000000327e+03 1.003142200000000095e+00
7.203260000000000218e+03 1.003776100000000060e+00
7.203869999999999891e+03 1.002672100000000066e+00
7.204479999999999563e+03 1.003917299999999901e+00
7.205090000000000146e+03 1.001802300000000034e+00
7.205699999999999818e+03 9.994602599999999892e-01
7.206319999999999709e+03 9.985887199999999853e-01
7.206930000000000291e+03 9.973818800000000540e-01
7.207539999999999964e+03 9.935358300000000087e-01
7.208159999999999854e+03 9.933922299999999872e-01
7.208770000000000437e+03 9.940324000000000382e-01
7.209380000000000109e+03 9.944469799999999804e-01
7.209989999999999782e+03 9.957434099999999955e-01
7.210609999999999673e+03 9.951324700000000467e-01
7.211220000000000255e+03 9.950692199999999765e-01
7.211829999999999927e+03 9.922287800000000324e-01
7.212449999999999818e+03 9.924277400000000027e-01
7.213060000000000400e+03 9.897348700000000443e-01
7.213680000000000291e+03 9.897905500000000467e-01
7.214289999999999964e+03 9.908047399999999616e-01
7.214899999999999636e+03 9.913128100000000442e-01
7.215520000000000437e+03 9.911513499999999866e-01
7.216130000000000109e+03 9.912732800000000344e-01
7.216750000000000000e+03 9.910452499999999887e-01
7.217359999999999673e+03 9.891598600000000019e-01
7.217979999999999563e+03 9.859132699999999527e-01
7.218590000000000146e+03 9.869520099999999907e-01
7.219199999999999818e+03 9.903208000000000011e-01
7.219819999999999709e+03 9.858320600000000100e-01
7.220430000000000291e+03 9.865259899999999638e-01
7.221050000000000182e+03 9.886040000000000383e-01
7.221659999999999854e+03 9.868052499999999672e-01
7.222279999999999745e+03 9.848760300000000134e-01
7.222899999999999636e+03 9.874994200000000166e-01
7.223510000000000218e+03 9.866722399999999782e-01
7.224130000000000109e+03 9.863103800000000421e-01
7.224739999999999782e+03 9.846506699999999501e-01
7.225359999999999673e+03 9.846195300000000206e-01
7.225970000000000255e+03 9.844654900000000541e-01
7.226590000000000146e+03 9.840349299999999744e-01
7.227210000000000036e+03 9.882978399999999830e-01
7.227819999999999709e+03 9.861982000000000248e-01
7.228439999999999600e+03 9.877657199999999582e-01
7.229060000000000400e+03 9.865053099999999686e-01
7.229670000000000073e+03 9.854019299999999815e-01
7.230289999999999964e+03 9.855426499999999645e-01
7.231770000000000437e+03 9.847275800000000467e-01
7.233989999999999782e+03 9.854913800000000279e-01
7.236340000000000146e+03 9.884147500000000086e-01
7.238560000000000400e+03 9.898869900000000221e-01
7.240909999999999854e+03 9.909435599999999456e-01
7.243270000000000437e+03 9.927402400000000515e-01
7.245619999999999891e+03 9.966660200000000414e-01
7.247970000000000255e+03 9.945127599999999957e-01
7.250329999999999927e+03 9.975967300000000426e-01
7.252689999999999600e+03 1.003599200000000025e+00
7.255170000000000073e+03 1.002615000000000034e+00
7.257659999999999854e+03 1.003794499999999923e+00
7.260140000000000327e+03 1.006290899999999988e+00
7.262630000000000109e+03 1.009815899999999989e+00
7.265119999999999891e+03 1.007408499999999929e+00
7.267619999999999891e+03 1.009035099999999963e+00
7.270239999999999782e+03 1.009034599999999893e+00
7.272729999999999563e+03 1.007911599999999908e+00
7.275359999999999673e+03 1.009298699999999993e+00
7.277979999999999563e+03 1.010552300000000070e+00
7.280609999999999673e+03 1.007500800000000085e+00
7.283239999999999782e+03 1.008099300000000031e+00
7.285989999999999782e+03 1.007239400000000007e+00
7.288630000000000109e+03 1.006261000000000072e+00
7.291390000000000327e+03 1.003532300000000044e+00
7.294149999999999636e+03 1.006002499999999911e+00
7.296920000000000073e+03 1.004713299999999920e+00
7.299680000000000291e+03 1.000614499999999962e+00
7.302449999999999818e+03 9.987491099999999955e-01
7.305350000000000364e+03 9.991839599999999821e-01
7.308119999999999891e+03 9.978088899999999484e-01
7.311029999999999745e+03 9.982129699999999772e-01
7.313930000000000291e+03 9.969102899999999767e-01
7.316840000000000146e+03 9.972567599999999644e-01
7.319750000000000000e+03 9.979024800000000361e-01
7.322659999999999854e+03 9.968021799999999821e-01
7.325699999999999818e+03 9.983139399999999553e-01
7.328619999999999891e+03 9.982917500000000333e-01
7.331659999999999854e+03 9.992851799999999951e-01
7.334710000000000036e+03 9.984524500000000469e-01
7.337760000000000218e+03 1.000089699999999970e+00
7.340819999999999709e+03 9.979092400000000307e-01
7.343869999999999891e+03 9.988433399999999684e-01
7.347060000000000400e+03 9.984486700000000381e-01
7.350119999999999891e+03 9.978190300000000512e-01
7.353319999999999709e+03 9.981939300000000070e-01
7.356510000000000218e+03 9.978245199999999926e-01
7.359710000000000036e+03 9.984461500000000322e-01
7.362909999999999854e+03 1.000547400000000087e+00
7.366109999999999673e+03 9.998053900000000160e-01
7.369449999999999818e+03 9.992753899999999856e-01
7.372659999999999854e+03 9.997950100000000395e-01
7.376000000000000000e+03 1.000218400000000063e+00
7.379350000000000364e+03 1.000394100000000064e+00
7.382689999999999600e+03 9.999606399999999562e-01
7.386039999999999964e+03 1.000434299999999999e+00
7.389399999999999636e+03 1.000113699999999994e+00
7.392760000000000218e+03 9.993746000000000018e-01
7.396250000000000000e+03 9.994359000000000437e-01
7.399609999999999673e+03 1.000763599999999975e+00
7.403109999999999673e+03 9.992978999999999612e-01
7.406609999999999673e+03 9.999732099999999457e-01
7.410109999999999673e+03 1.001440600000000014e+00
7.413619999999999891e+03 1.000113400000000041e+00
7.417260000000000218e+03 1.000597200000000075e+00
7.420770000000000437e+03 1.000082300000000091e+00
7.424420000000000073e+03 9.992457999999999618e-01
7.427939999999999600e+03 9.990211300000000350e-01
7.431590000000000146e+03 9.980854500000000407e-01
7.435250000000000000e+03 9.983392399999999611e-01
7.438909999999999854e+03 9.971234300000000328e-01
7.442579999999999927e+03 9.975524900000000139e-01
7.446380000000000109e+03 9.987332500000000168e-01
7.450050000000000182e+03 9.974614400000000325e-01
7.453859999999999673e+03 9.979530899999999871e-01
7.457550000000000182e+03 9.984919899999999959e-01
7.461359999999999673e+03 9.982676999999999801e-01
7.465180000000000291e+03 9.983421300000000498e-01
7.469010000000000218e+03 9.987777500000000197e-01
7.472840000000000146e+03 9.989387600000000367e-01
7.476800000000000182e+03 9.998438899999999574e-01
7.480640000000000327e+03 9.997792699999999977e-01
7.484609999999999673e+03 1.001084000000000085e+00
7.488590000000000146e+03 1.000709800000000094e+00
7.492439999999999600e+03 1.001172500000000021e+00
7.496430000000000291e+03 1.001200099999999926e+00
7.500420000000000073e+03 1.000984199999999991e+00
7.504550000000000182e+03 1.001259099999999957e+00
7.508550000000000182e+03 1.001641599999999910e+00
7.512560000000000400e+03 1.001752999999999894e+00
7.520850000000000364e+03 1.001512600000000086e+00
7.525000000000000000e+03 1.002549200000000029e+00
7.529020000000000437e+03 1.002633700000000072e+00
7.533180000000000291e+03 1.003108300000000064e+00
7.537479999999999563e+03 1.002898199999999962e+00
7.541659999999999854e+03 1.002955199999999936e+00
7.545829999999999927e+03 1.003477699999999917e+00
7.550149999999999636e+03 1.002234000000000069e+00
7.554329999999999927e+03 1.002986500000000003e+00
7.558659999999999854e+03 1.003433100000000078e+00
7.562989999999999782e+03 1.004067100000000101e+00
7.567329999999999927e+03 1.003086499999999992e+00
7.571670000000000073e+03 1.002402500000000085e+00
7.576020000000000437e+03 1.001767499999999922e+00
7.580500000000000000e+03 1.002205400000000024e+00
7.584859999999999673e+03 1.002318599999999948e+00
7.589359999999999673e+03 1.001647100000000012e+00
7.593729999999999563e+03 1.001732000000000067e+00
7.598239999999999782e+03 1.001265599999999978e+00
7.602750000000000000e+03 1.000250199999999978e+00
7.607279999999999745e+03 1.000147099999999956e+00
7.611800000000000182e+03 1.000028700000000104e+00
7.616329999999999927e+03 1.000122600000000084e+00
7.621010000000000218e+03 1.000392799999999971e+00
7.625550000000000182e+03 1.000314399999999937e+00
7.630239999999999782e+03 1.000469000000000053e+00
7.639489999999999782e+03 1.001103000000000076e+00
7.648909999999999854e+03 1.000810999999999895e+00
7.653630000000000109e+03 1.000229800000000058e+00
7.658350000000000364e+03 9.999301800000000018e-01
7.663079999999999927e+03 9.993559300000000034e-01
7.672689999999999600e+03 9.993412600000000090e-01
7.677579999999999927e+03 9.998884700000000292e-01
7.682329999999999927e+03 9.997389599999999543e-01
7.687229999999999563e+03 9.986554300000000106e-01
7.692140000000000327e+03 9.989349699999999777e-01
7.697050000000000182e+03 9.984892899999999738e-01
7.701970000000000255e+03 9.982605599999999635e-01
7.706899999999999636e+03 9.977652299999999475e-01
7.711970000000000255e+03 9.972365399999999491e-01
7.716909999999999854e+03 9.977680700000000069e-01
7.722000000000000000e+03 9.979366899999999596e-01
7.726949999999999818e+03 9.974580800000000247e-01
7.732050000000000182e+03 9.975556300000000265e-01
7.737159999999999854e+03 9.977019099999999696e-01
7.742130000000000109e+03 9.969837599999999966e-01
7.747250000000000000e+03 9.965615100000000393e-01
7.752520000000000437e+03 9.967199900000000001e-01
7.757659999999999854e+03 9.968004499999999490e-01
7.762800000000000182e+03 9.972121200000000352e-01
7.767949999999999818e+03 9.977417200000000541e-01
7.773250000000000000e+03 9.977126200000000500e-01
7.778409999999999854e+03 9.977394699999999617e-01
7.783729999999999563e+03 9.980011500000000035e-01
7.789050000000000182e+03 9.984470899999999816e-01
7.794239999999999782e+03 9.985332599999999781e-01
7.799569999999999709e+03 9.981639599999999612e-01
7.804920000000000073e+03 9.984898300000000226e-01
7.810420000000000073e+03 9.988203500000000234e-01
7.815779999999999745e+03 9.992691599999999896e-01
7.821140000000000327e+03 9.998916799999999494e-01
7.826520000000000437e+03 1.000044600000000061e+00
7.832050000000000182e+03 9.999456399999999689e-01
7.837439999999999600e+03 1.000060500000000019e+00
7.842979999999999563e+03 1.001091200000000070e+00
7.848539999999999964e+03 1.001067499999999999e+00
7.853949999999999818e+03 1.000208200000000103e+00
7.859520000000000437e+03 1.000672500000000076e+00
7.865100000000000364e+03 1.001022300000000032e+00
7.870680000000000291e+03 1.001270300000000057e+00
7.876420000000000073e+03 1.001127799999999901e+00
7.882020000000000437e+03 1.002185499999999951e+00
7.887640000000000327e+03 1.002003299999999930e+00
7.893250000000000000e+03 1.002676399999999912e+00
7.899029999999999745e+03 1.003089700000000084e+00
7.904659999999999854e+03 1.003206100000000101e+00
7.910460000000000036e+03 1.003213899999999992e+00
