energy intensity
6.860887999999999920e+03 8.715766099999999392e-03
6.870858000000000175e+03 9.276380700000000368e-02
6.880847999999999956e+03 5.845874100000000156e-02
6.890877999999999702e+03 4.502053599999999989e-02
6.900938000000000102e+03 1.693744999999999973e-02
6.910917999999999665e+03 4.213928900000000338e-02
6.920917999999999665e+03 2.117563700000000063e-02
6.930847999999999956e+03 1.791238799999999957e-03
6.940908000000000357e+03 2.603674699999999897e-02
6.950898000000000138e+03 -9.905500700000000047e-03
6.960908000000000357e+03 1.807411699999999892e-03
6.970957999999999629e+03 3.845687700000000216e-03
6.980917999999999665e+03 -2.406515799999999969e-02
6.990898000000000138e+03 -6.267721599999999740e-03
7.000917999999999665e+03 -1.002705100000000037e-02
7.010858000000000175e+03 2.710380499999999818e-03
7.020938000000000102e+03 -1.658189200000000085e-02
7.030927999999999884e+03 -7.312335199999999737e-03
7.040948000000000320e+03 -5.912619400000000171e-03
7.050887999999999920e+03 -9.123627999999999946e-03
7.060847999999999956e+03 -2.677161700000000189e-03
7.061908000000000357e+03 4.941606999999999771e-03
7.062497999999999593e+03 5.406746500000000205e-03
7.063078000000000429e+03 -3.583836999999999873e-03
7.063667999999999665e+03 -8.204348099999999797e-03
7.064257999999999811e+03 -1.315379700000000006e-02
7.064847999999999956e+03 -5.030315500000000217e-03
7.065438000000000102e+03 -3.025086000000000181e-03
7.066018000000000029e+03 -3.989274200000000187e-03
7.066608000000000175e+03 5.167901199999999987e-03
7.067198000000000320e+03 9.041249899999999340e-03
7.067787999999999556e+03 -1.142644099999999985e-03
7.068377999999999702e+03 -1.310393299999999990e-02
7.068957999999999629e+03 -1.758229500000000126e-02
7.069547999999999774e+03 -3.389197500000000213e-03
7.070137999999999920e+03 1.275152299999999985e-03
7.070728000000000065e+03 -1.451385699999999937e-03
7.071318000000000211e+03 9.193402499999999561e-03
7.071908000000000357e+03 5.475267500000000412e-04
7.072497999999999593e+03 -2.604028799999999824e-03
7.073087999999999738e+03 -7.387871499999999585e-03
7.073667999999999665e+03 -9.447077499999999642e-03
7.074257999999999811e+03 -2.422240799999999823e-03
7.074847999999999956e+03 4.901539100000000364e-03
7.075438000000000102e+03 3.239222400000000071e-03
7.076028000000000247e+03 6.012886900000000145e-03
7.076618000000000393e+03 -1.097664200000000000e-02
7.077207999999999629e+03 -1.064489100000000008e-02
7.077797999999999774e+03 -3.688878100000000070e-03
7.078387999999999920e+03 -3.961067999999999881e-03
7.078978000000000065e+03 -8.027888699999999322e-03
7.079568000000000211e+03 5.268112600000000346e-03
7.080158000000000357e+03 1.541679599999999997e-02
7.080747999999999593e+03 1.272154399999999956e-02
7.081337999999999738e+03 -1.462792199999999937e-03
7.081927999999999884e+03 2.860023100000000200e-03
7.082528000000000247e+03 2.911194099999999795e-03
7.083118000000000393e+03 9.652346799999999422e-03
7.083707999999999629e+03 1.194828600000000067e-02
7.084297999999999774e+03 1.092019200000000044e-02
7.084887999999999920e+03 2.147906800000000047e-02
7.085478000000000065e+03 3.487823699999999943e-03
7.086068000000000211e+03 -1.456128599999999967e-02
7.086658000000000357e+03 7.357849799999999912e-03
7.087247999999999593e+03 1.937286500000000040e-03
7.087847999999999956e+03 2.546436600000000217e-03
7.088438000000000102e+03 8.624846099999999849e-03
7.089028000000000247e+03 7.693815799999999955e-03
7.089618000000000393e+03 8.793882899999999267e-03
7.090207999999999629e+03 6.109339800000000145e-04
7.090807999999999993e+03 1.014956099999999965e-02
7.091398000000000138e+03 -4.469497099999999827e-03
7.091988000000000284e+03 2.419841399999999969e-03
7.092578000000000429e+03 1.028576999999999964e-02
7.093177999999999884e+03 6.537540599999999875e-03
7.093768000000000029e+03 8.091702699999999901e-03
7.094358000000000175e+03 1.748081099999999888e-02
7.094948000000000320e+03 1.487006599999999949e-02
7.095547999999999774e+03 5.893524300000000347e-03
7.096137999999999920e+03 1.365386399999999993e-02
7.096728000000000065e+03 1.238004300000000030e-02
7.097328000000000429e+03 8.528704300000000335e-03
7.097917999999999665e+03 1.146814300000000009e-02
7.098507999999999811e+03 2.959626799999999849e-02
7.099108000000000175e+03 5.876073199999999955e-03
7.099698000000000320e+03 4.910108800000000107e-03
7.100297999999999774e+03 1.022251000000000062e-02
7.100887999999999920e+03 1.021723199999999970e-02
7.101478000000000065e+03 8.380339400000000674e-03
7.102078000000000429e+03 1.241386499999999962e-02
7.102667999999999665e+03 1.200376800000000016e-03
7.103268000000000029e+03 7.910409300000000726e-03
7.103858000000000175e+03 1.689837099999999884e-02
7.104457999999999629e+03 2.199625900000000064e-02
7.105047999999999774e+03 2.238930299999999929e-02
7.105637999999999920e+03 2.400185800000000091e-02
7.106238000000000284e+03 1.935873899999999981e-02
7.106828000000000429e+03 2.520187399999999911e-02
7.107427999999999884e+03 3.083926500000000112e-02
7.108018000000000029e+03 2.575293700000000005e-02
7.108618000000000393e+03 1.716866300000000067e-02
7.109217999999999847e+03 3.105394900000000083e-02
7.109807999999999993e+03 3.413218900000000028e-02
7.110408000000000357e+03 4.205231300000000089e-02
7.110997999999999593e+03 6.101662000000000058e-02
7.111597999999999956e+03 6.317541499999999866e-02
7.112188000000000102e+03 8.196223699999999335e-02
7.112787999999999556e+03 7.134598500000000065e-02
7.113387999999999920e+03 7.249099500000000251e-02
7.113978000000000065e+03 7.017977000000000243e-02
7.114578000000000429e+03 7.696276100000000453e-02
7.115177999999999884e+03 8.241720499999999339e-02
7.115768000000000029e+03 9.480749800000000393e-02
7.116368000000000393e+03 1.248113700000000048e-01
7.116967999999999847e+03 1.653295800000000038e-01
7.117557999999999993e+03 2.209195700000000095e-01
7.118158000000000357e+03 3.228224399999999883e-01
7.118757999999999811e+03 4.462501300000000226e-01
7.119347999999999956e+03 5.683654399999999995e-01
7.119948000000000320e+03 6.632717799999999775e-01
7.120547999999999774e+03 7.284396899999999730e-01
7.121148000000000138e+03 7.773883999999999794e-01
7.121738000000000284e+03 8.260618199999999467e-01
7.122337999999999738e+03 8.485576400000000019e-01
7.122938000000000102e+03 9.084146400000000510e-01
7.123537999999999556e+03 9.606498199999999876e-01
7.124127999999999702e+03 1.042005199999999965e+00
7.124728000000000065e+03 1.101581799999999944e+00
7.125328000000000429e+03 1.152573499999999918e+00
7.125927999999999884e+03 1.180872200000000039e+00
7.126528000000000247e+03 1.204083299999999968e+00
7.127127999999999702e+03 1.218625999999999987e+00
7.127717999999999847e+03 1.223630900000000077e+00
7.128318000000000211e+03 1.211796799999999896e+00
7.128917999999999665e+03 1.213472200000000001e+00
7.129518000000000029e+03 1.213016600000000000e+00
7.130118000000000393e+03 1.189885199999999976e+00
7.130717999999999847e+03 1.198856300000000097e+00
7.131318000000000211e+03 1.172934499999999991e+00
7.131917999999999665e+03 1.176045699999999972e+00
7.132518000000000029e+03 1.135629500000000069e+00
7.133118000000000393e+03 1.141176600000000096e+00
7.133717999999999847e+03 1.128374100000000047e+00
7.134318000000000211e+03 1.116999300000000028e+00
7.134917999999999665e+03 1.101610100000000037e+00
7.135518000000000029e+03 1.086281300000000005e+00
7.136118000000000393e+03 1.064364099999999924e+00
7.136717999999999847e+03 1.062831499999999929e+00
7.137318000000000211e+03 1.062205199999999961e+00
7.137917999999999665e+03 1.044770200000000093e+00
7.138518000000000029e+03 1.037637399999999932e+00
7.139118000000000393e+03 1.039526900000000031e+00
7.139717999999999847e+03 1.020918299999999945e+00
7.140318000000000211e+03 1.030606099999999969e+00
7.140917999999999665e+03 1.013399600000000067e+00
7.141518000000000029e+03 1.006828499999999904e+00
7.142118000000000393e+03 1.013077599999999912e+00
7.142717999999999847e+03 9.943451300000000215e-01
7.143328000000000429e+03 9.810050399999999948e-01
7.143927999999999884e+03 9.636467899999999753e-01
7.144528000000000247e+03 9.722823099999999830e-01
7.145127999999999702e+03 9.594252699999999967e-01
7.145728000000000065e+03 9.505831399999999931e-01
7.146328000000000429e+03 9.436403899999999956e-01
7.146938000000000102e+03 9.311150599999999944e-01
7.147537999999999556e+03 9.167233799999999766e-01
7.148137999999999920e+03 9.153650599999999526e-01
7.148738000000000284e+03 9.077058700000000258e-01
7.149337999999999738e+03 9.043861300000000103e-01
7.149948000000000320e+03 9.052766199999999763e-01
7.150547999999999774e+03 8.932707600000000525e-01
7.151148000000000138e+03 8.924031500000000339e-01
7.151757999999999811e+03 8.809523799999999794e-01
7.152358000000000175e+03 8.914056299999999489e-01
7.152957999999999629e+03 8.781897499999999912e-01
7.153557999999999993e+03 8.850796800000000353e-01
7.154167999999999665e+03 8.943574800000000380e-01
7.154768000000000029e+03 8.909205799999999620e-01
7.155368000000000393e+03 8.880804399999999710e-01
7.155978000000000065e+03 9.001000000000000112e-01
7.156578000000000429e+03 8.852367799999999454e-01
7.157188000000000102e+03 8.997487299999999966e-01
7.157787999999999556e+03 8.888113300000000105e-01
7.158387999999999920e+03 8.993021700000000118e-01
7.158997999999999593e+03 8.854159900000000416e-01
7.159597999999999956e+03 8.977249999999999952e-01
7.160207999999999629e+03 8.968953699999999696e-01
7.160807999999999993e+03 8.966219399999999506e-01
7.161417999999999665e+03 9.228765500000000177e-01
7.162018000000000029e+03 9.160330599999999546e-01
7.162618000000000393e+03 9.146200100000000388e-01
7.163228000000000065e+03 9.155010399999999882e-01
7.163828000000000429e+03 9.270652700000000523e-01
7.164438000000000102e+03 9.324768500000000238e-01
7.165037999999999556e+03 9.235470199999999963e-01
7.165648000000000138e+03 9.358828799999999726e-01
7.166257999999999811e+03 9.370412900000000267e-01
7.166858000000000175e+03 9.489341599999999710e-01
7.167467999999999847e+03 9.268811900000000215e-01
7.168068000000000211e+03 9.475428000000000184e-01
7.168677999999999884e+03 9.551589799999999908e-01
7.169278000000000247e+03 9.518852100000000371e-01
7.169887999999999920e+03 9.611966600000000360e-01
7.170497999999999593e+03 9.514680599999999489e-01
7.171097999999999956e+03 9.614301699999999729e-01
7.171707999999999629e+03 9.542570700000000405e-01
7.172318000000000211e+03 9.665538299999999472e-01
7.172917999999999665e+03 9.617996199999999662e-01
7.173528000000000247e+03 9.754200299999999935e-01
7.174127999999999702e+03 9.834807300000000252e-01
7.174738000000000284e+03 9.861227399999999976e-01
7.175347999999999956e+03 9.818839600000000001e-01
7.175957999999999629e+03 9.894052599999999531e-01
7.176557999999999993e+03 9.941429099999999908e-01
7.177167999999999665e+03 9.869045800000000312e-01
7.177778000000000247e+03 1.001068400000000080e+00
7.178387999999999920e+03 9.948239300000000229e-01
7.178988000000000284e+03 9.862977800000000128e-01
7.179597999999999956e+03 9.852369300000000107e-01
7.180207999999999629e+03 9.840490499999999807e-01
7.180818000000000211e+03 9.835230400000000150e-01
7.181417999999999665e+03 9.969137599999999821e-01
7.182028000000000247e+03 9.917828100000000147e-01
7.182637999999999920e+03 1.004134800000000105e+00
7.183247999999999593e+03 1.001063800000000059e+00
7.183858000000000175e+03 9.977735399999999588e-01
7.184467999999999847e+03 1.004661100000000085e+00
7.185078000000000429e+03 1.007330199999999953e+00
7.185677999999999884e+03 1.004386800000000024e+00
7.186287999999999556e+03 9.995214399999999833e-01
7.186898000000000138e+03 1.002224199999999898e+00
7.187507999999999811e+03 1.009315600000000090e+00
7.188118000000000393e+03 1.012446500000000027e+00
7.188728000000000065e+03 9.954498000000000513e-01
7.189337999999999738e+03 1.002816699999999894e+00
7.189948000000000320e+03 1.009583600000000025e+00
7.190557999999999993e+03 9.994872299999999488e-01
7.191167999999999665e+03 1.010609199999999985e+00
7.191778000000000247e+03 9.936600100000000380e-01
7.192387999999999920e+03 9.884498999999999924e-01
7.192997999999999593e+03 9.958224399999999754e-01
7.193608000000000175e+03 1.007919199999999904e+00
7.194217999999999847e+03 1.005891499999999938e+00
7.194828000000000429e+03 1.001074999999999937e+00
7.195438000000000102e+03 1.003461099999999995e+00
7.196047999999999774e+03 9.952499700000000393e-01
7.196658000000000357e+03 9.920002300000000384e-01
7.197268000000000029e+03 9.973833899999999808e-01
7.197877999999999702e+03 9.890630999999999728e-01
7.198488000000000284e+03 9.911387099999999784e-01
7.199097999999999956e+03 1.000221999999999944e+00
7.199717999999999847e+03 9.932263500000000356e-01
7.200328000000000429e+03 9.903355099999999744e-01
7.200938000000000102e+03 9.789345200000000302e-01
7.201547999999999774e+03 9.917928599999999983e-01
7.202158000000000357e+03 9.988600199999999596e-01
7.202768000000000029e+03 9.969615600000000244e-01
7.203387999999999920e+03 9.906536400000000020e-01
7.203997999999999593e+03 9.804798399999999914e-01
7.204608000000000175e+03 9.987844399999999956e-01
7.205217999999999847e+03 9.734790700000000019e-01
7.205828000000000429e+03 9.780147799999999725e-01
7.206448000000000320e+03 9.817744900000000552e-01
7.207057999999999993e+03 9.758085199999999571e-01
7.207667999999999665e+03 9.886913600000000191e-01
7.208287999999999556e+03 9.870519500000000113e-01
7.208898000000000138e+03 9.713276299999999974e-01
7.209507999999999811e+03 9.702410799999999780e-01
7.210118000000000393e+03 9.826958900000000163e-01
7.210738000000000284e+03 9.772281499999999621e-01
7.211347999999999956e+03 9.699003400000000275e-01
7.211957999999999629e+03 9.783493800000000462e-01
7.212578000000000429e+03 9.756405500000000508e-01
7.213188000000000102e+03 9.800794800000000029e-01
7.213807999999999993e+03 9.720065300000000352e-01
7.214417999999999665e+03 9.679632999999999710e-01
7.215028000000000247e+03 9.779005100000000006e-01
7.215648000000000138e+03 9.749720299999999895e-01
7.216257999999999811e+03 9.779525900000000105e-01
7.216877999999999702e+03 9.838982899999999532e-01
7.217488000000000284e+03 9.826053999999999622e-01
7.218108000000000175e+03 9.799671599999999483e-01
7.218717999999999847e+03 9.724426499999999640e-01
7.219328000000000429e+03 9.847805099999999978e-01
7.219948000000000320e+03 9.832812199999999558e-01
7.220557999999999993e+03 9.742777000000000243e-01
7.221177999999999884e+03 9.768450100000000136e-01
7.221787999999999556e+03 9.749355899999999631e-01
7.222408000000000357e+03 9.742176000000000169e-01
7.223028000000000247e+03 9.711971900000000435e-01
7.223637999999999920e+03 9.697674499999999753e-01
7.224257999999999811e+03 9.810567900000000119e-01
7.224868000000000393e+03 9.732631600000000160e-01
7.225488000000000284e+03 9.639819299999999869e-01
7.226097999999999956e+03 9.665654000000000190e-01
7.226717999999999847e+03 9.792748000000000008e-01
7.227337999999999738e+03 9.754580499999999654e-01
7.227948000000000320e+03 9.749299700000000346e-01
7.228568000000000211e+03 9.688289599999999613e-01
7.229188000000000102e+03 9.586953999999999754e-01
7.229797999999999774e+03 9.801286399999999954e-01
7.230417999999999665e+03 9.901997999999999633e-01
7.231898000000000138e+03 9.840883099999999661e-01
7.234118000000000393e+03 9.827379699999999607e-01
7.236467999999999847e+03 9.737842300000000284e-01
7.238688000000000102e+03 9.682258500000000545e-01
7.241037999999999556e+03 9.822904500000000372e-01
7.243398000000000138e+03 9.839069400000000076e-01
7.245747999999999593e+03 9.796578299999999517e-01
7.248097999999999956e+03 9.847914199999999729e-01
7.250457999999999629e+03 9.846263699999999730e-01
7.252818000000000211e+03 9.880260400000000498e-01
7.255297999999999774e+03 9.826701700000000095e-01
7.257787999999999556e+03 9.857768500000000378e-01
7.260268000000000029e+03 9.901100800000000035e-01
7.262757999999999811e+03 9.921716900000000505e-01
7.265247999999999593e+03 9.914164399999999544e-01
7.267747999999999593e+03 9.970773600000000236e-01
7.270368000000000393e+03 9.916165799999999697e-01
7.272858000000000175e+03 9.944595099999999910e-01
7.275488000000000284e+03 1.000752800000000109e+00
7.278108000000000175e+03 9.952208599999999850e-01
7.280738000000000284e+03 9.922605300000000295e-01
7.283368000000000393e+03 1.001004699999999970e+00
7.286118000000000393e+03 1.004347099999999937e+00
7.288757999999999811e+03 9.930525100000000549e-01
7.291518000000000029e+03 9.931538899999999837e-01
7.294278000000000247e+03 9.950278500000000470e-01
7.297047999999999774e+03 9.891455500000000400e-01
7.299807999999999993e+03 9.972035900000000286e-01
7.302578000000000429e+03 1.000969299999999951e+00
7.305478000000000065e+03 9.985813199999999945e-01
7.308247999999999593e+03 9.942107399999999817e-01
7.311158000000000357e+03 9.922077000000000258e-01
7.314057999999999993e+03 9.854562199999999939e-01
7.316967999999999847e+03 9.929029499999999508e-01
7.319877999999999702e+03 9.910868400000000245e-01
7.322787999999999556e+03 9.891447300000000276e-01
7.325828000000000429e+03 9.936693199999999671e-01
7.328747999999999593e+03 9.989589500000000122e-01
7.331787999999999556e+03 9.951213599999999548e-01
7.334837999999999738e+03 9.982934999999999448e-01
7.337887999999999920e+03 9.943022299999999536e-01
7.340948000000000320e+03 9.929328200000000493e-01
7.343997999999999593e+03 9.969812999999999592e-01
7.347188000000000102e+03 9.851746000000000114e-01
7.350247999999999593e+03 9.880849900000000519e-01
7.353448000000000320e+03 9.850076100000000334e-01
7.356637999999999920e+03 9.966016399999999553e-01
7.359837999999999738e+03 9.970831000000000000e-01
7.363037999999999556e+03 9.951348199999999755e-01
7.366238000000000284e+03 9.932144200000000422e-01
7.369578000000000429e+03 1.000289500000000054e+00
7.372787999999999556e+03 1.002536300000000047e+00
7.376127999999999702e+03 9.892464499999999994e-01
7.379478000000000065e+03 1.000921799999999973e+00
7.382818000000000211e+03 9.981571399999999983e-01
7.386167999999999665e+03 9.936815300000000351e-01
7.389528000000000247e+03 9.979706299999999697e-01
7.392887999999999920e+03 9.977991600000000183e-01
7.396377999999999702e+03 9.911966399999999622e-01
7.399738000000000284e+03 9.974770200000000475e-01
7.403238000000000284e+03 9.968347400000000524e-01
7.406738000000000284e+03 9.986550199999999489e-01
7.410238000000000284e+03 9.986268499999999548e-01
7.413747999999999593e+03 1.000186000000000019e+00
7.417387999999999920e+03 1.004843399999999942e+00
7.420898000000000138e+03 1.000942900000000080e+00
7.424547999999999774e+03 9.976979000000000264e-01
7.428068000000000211e+03 9.987693899999999791e-01
7.431717999999999847e+03 1.001487999999999934e+00
7.435377999999999702e+03 1.000231300000000045e+00
7.439037999999999556e+03 9.958010200000000367e-01
7.442707999999999629e+03 9.975903699999999485e-01
7.446507999999999811e+03 1.000296099999999910e+00
7.450177999999999884e+03 1.000282899999999975e+00
7.453988000000000284e+03 1.003411300000000006e+00
7.457677999999999884e+03 1.000689799999999963e+00
7.461488000000000284e+03 1.006656900000000077e+00
7.465307999999999993e+03 1.003116899999999978e+00
7.469137999999999920e+03 1.001940099999999889e+00
7.476927999999999884e+03 1.003131699999999960e+00
7.480768000000000029e+03 1.003384099999999890e+00
7.484738000000000284e+03 1.005748400000000098e+00
7.488717999999999847e+03 1.003694000000000086e+00
7.492568000000000211e+03 1.003519499999999898e+00
7.496557999999999993e+03 1.005856400000000095e+00
7.500547999999999774e+03 1.005281799999999892e+00
7.504677999999999884e+03 1.004742800000000047e+00
7.508677999999999884e+03 1.005247599999999908e+00
7.512688000000000102e+03 1.010802800000000001e+00
7.516828000000000429e+03 1.006452700000000089e+00
7.520978000000000065e+03 1.004155099999999967e+00
7.525127999999999702e+03 1.005764300000000055e+00
7.529148000000000138e+03 1.003754400000000047e+00
7.533307999999999993e+03 1.008157799999999993e+00
7.537608000000000175e+03 1.006962200000000029e+00
7.541787999999999556e+03 1.006050200000000006e+00
7.545957999999999629e+03 1.008463000000000109e+00
7.550278000000000247e+03 1.006980200000000103e+00
7.554457999999999629e+03 1.005461600000000066e+00
7.567457999999999629e+03 1.005498900000000084e+00
7.571797999999999774e+03 1.003450200000000070e+00
7.576148000000000138e+03 1.004028700000000107e+00
7.580627999999999702e+03 1.000843900000000009e+00
7.584988000000000284e+03 1.005749699999999969e+00
7.589488000000000284e+03 1.002729999999999899e+00
7.593858000000000175e+03 1.004539999999999988e+00
7.598368000000000393e+03 1.001437499999999980e+00
7.602877999999999702e+03 1.004303100000000004e+00
7.607408000000000357e+03 1.002027100000000059e+00
7.611927999999999884e+03 1.001230999999999982e+00
7.616457999999999629e+03 1.003529899999999975e+00
7.621137999999999920e+03 1.003415900000000027e+00
7.625677999999999884e+03 1.002172499999999911e+00
7.630368000000000393e+03 1.003675400000000106e+00
7.634917999999999665e+03 1.001364700000000107e+00
7.639618000000000393e+03 9.989639099999999550e-01
7.644328000000000429e+03 9.997451899999999503e-01
7.649037999999999556e+03 9.999557999999999502e-01
7.653757999999999811e+03 9.998634600000000372e-01
7.658478000000000065e+03 9.965331800000000184e-01
7.663207999999999629e+03 9.992329800000000484e-01
7.668078000000000429e+03 9.963047900000000512e-01
7.672818000000000211e+03 9.946623100000000495e-01
7.677707999999999629e+03 1.000730499999999967e+00
7.682457999999999629e+03 9.956116499999999592e-01
7.687358000000000175e+03 9.946183199999999447e-01
7.692268000000000029e+03 9.967136500000000066e-01
7.697177999999999884e+03 9.968327200000000055e-01
7.702097999999999956e+03 9.946809699999999976e-01
7.707028000000000247e+03 9.957641000000000409e-01
7.712097999999999956e+03 9.938269400000000475e-01
7.717037999999999556e+03 9.947170400000000523e-01
7.722127999999999702e+03 9.908330400000000537e-01
7.727078000000000429e+03 9.907820400000000305e-01
7.732177999999999884e+03 9.905634899999999909e-01
7.737287999999999556e+03 9.930345099999999814e-01
7.742257999999999811e+03 9.923791800000000274e-01
7.747377999999999702e+03 9.906178100000000430e-01
7.752648000000000138e+03 9.940253300000000403e-01
7.757787999999999556e+03 9.963039000000000200e-01
7.762927999999999884e+03 9.946097699999999486e-01
7.768078000000000429e+03 9.942200599999999611e-01
7.773377999999999702e+03 9.938707799999999537e-01
7.778537999999999556e+03 9.965386299999999808e-01
7.783858000000000175e+03 9.935697000000000001e-01
7.789177999999999884e+03 9.946660200000000396e-01
7.794368000000000393e+03 9.919572300000000231e-01
7.799698000000000320e+03 9.929258800000000385e-01
7.805047999999999774e+03 9.951007899999999573e-01
7.810547999999999774e+03 9.936591099999999566e-01
7.815908000000000357e+03 9.942325400000000535e-01
7.821268000000000029e+03 9.938993400000000200e-01
7.826648000000000138e+03 9.962606600000000201e-01
7.832177999999999884e+03 9.952175500000000063e-01
7.837568000000000211e+03 9.974574000000000495e-01
7.843108000000000175e+03 9.999360299999999757e-01
7.848667999999999665e+03 1.001798100000000025e+00
7.854078000000000429e+03 1.004297900000000077e+00
7.859648000000000138e+03 1.004879499999999926e+00
7.865228000000000065e+03 1.003554300000000010e+00
7.870807999999999993e+03 1.005738400000000032e+00
7.876547999999999774e+03 9.996760099999999483e-01
7.882148000000000138e+03 1.009548799999999913e+00
7.887768000000000029e+03 1.008678799999999987e+00
7.893377999999999702e+03 1.010352700000000103e+00
7.899158000000000357e+03 1.013189600000000024e+00
7.904787999999999556e+03 1.012517499999999959e+00
7.910587999999999738e+03 1.012348199999999920e+00
