energy intensity
6.862507999999999811e+03 -6.951711499999999912e-03
6.872478000000000065e+03 3.364013400000000209e-02
6.882467999999999847e+03 2.304745600000000089e-02
6.892497999999999593e+03 1.612022200000000002e-02
6.902557999999999993e+03 1.484912900000000084e-02
6.912537999999999556e+03 9.494128100000000584e-03
6.922537999999999556e+03 5.583785499999999700e-03
6.932467999999999847e+03 2.513032899999999986e-03
6.942528000000000247e+03 5.635274600000000217e-03
6.952518000000000029e+03 -1.369741299999999943e-03
6.962528000000000247e+03 -1.503878499999999896e-03
6.972578000000000429e+03 -1.533711000000000102e-03
6.982537999999999556e+03 -7.185595200000000418e-03
6.992518000000000029e+03 -4.607994399999999942e-03
7.002537999999999556e+03 -5.038427699999999641e-03
7.012478000000000065e+03 -4.292411399999999586e-03
7.022557999999999993e+03 -3.765078199999999896e-03
7.032547999999999774e+03 -6.541579999999999964e-03
7.042568000000000211e+03 -4.419442400000000125e-03
7.052507999999999811e+03 -2.033358500000000037e-03
7.062467999999999847e+03 3.284123099999999938e-04
7.063528000000000247e+03 -2.232539600000000169e-03
7.063768000000000029e+03 -3.035488299999999917e-03
7.063997999999999593e+03 -3.823108600000000180e-03
7.064228000000000065e+03 -4.248037199999999715e-03
7.064467999999999847e+03 -4.479802599999999947e-03
7.064698000000000320e+03 -3.982666499999999894e-03
7.064938000000000102e+03 -3.685259699999999996e-03
7.065167999999999665e+03 -2.631435200000000179e-03
7.065408000000000357e+03 -6.369475700000000115e-03
7.065637999999999920e+03 -8.033963499999999605e-03
7.065877999999999702e+03 -4.532756300000000300e-03
7.066108000000000175e+03 -3.450308000000000021e-03
7.066347999999999956e+03 -1.386543399999999983e-03
7.066587999999999738e+03 1.032907000000000009e-03
7.066818000000000211e+03 -1.522872199999999890e-04
7.067057999999999993e+03 -1.517593700000000045e-03
7.067287999999999556e+03 -6.372768400000000145e-03
7.067528000000000247e+03 -3.243271600000000032e-03
7.067757999999999811e+03 -1.543171400000000002e-03
7.067997999999999593e+03 1.192907300000000097e-03
7.068228000000000065e+03 -6.600180900000000286e-04
7.068467999999999847e+03 -1.359974500000000076e-03
7.068698000000000320e+03 2.115180800000000089e-04
7.068938000000000102e+03 1.247335700000000045e-03
7.069167999999999665e+03 -1.538680400000000089e-03
7.069408000000000357e+03 -1.328525400000000025e-03
7.069637999999999920e+03 -2.334856599999999942e-03
7.069877999999999702e+03 -1.079494500000000023e-03
7.070108000000000175e+03 -9.592631900000000208e-04
7.070347999999999956e+03 -1.140554700000000025e-03
7.070578000000000429e+03 -1.235901300000000072e-03
7.070818000000000211e+03 -2.815816899999999939e-03
7.071047999999999774e+03 -2.251035800000000028e-03
7.071287999999999556e+03 6.058196900000000157e-04
7.071528000000000247e+03 3.343198799999999755e-04
7.071757999999999811e+03 -7.974317499999999601e-04
7.071997999999999593e+03 -3.925161300000000030e-04
7.072228000000000065e+03 -3.269255100000000025e-03
7.072467999999999847e+03 -3.080746300000000194e-03
7.072698000000000320e+03 -3.360570399999999926e-03
7.072938000000000102e+03 -1.486127799999999903e-03
7.073167999999999665e+03 -2.414171899999999985e-03
7.073408000000000357e+03 -2.175710100000000004e-03
7.073648000000000138e+03 -1.101467399999999991e-03
7.073877999999999702e+03 -2.782636099999999824e-03
7.074118000000000393e+03 -4.047868900000000346e-03
7.074347999999999956e+03 1.843184899999999972e-03
7.074587999999999738e+03 -2.686954200000000038e-04
7.074818000000000211e+03 -2.059694400000000071e-03
7.075057999999999993e+03 -5.478217099999999670e-04
7.075287999999999556e+03 -2.334598700000000034e-03
7.075528000000000247e+03 -2.028134799999999852e-03
7.075768000000000029e+03 -2.637717700000000165e-03
7.075997999999999593e+03 1.668426900000000070e-04
7.076238000000000284e+03 3.606777899999999903e-04
7.076467999999999847e+03 -1.762431299999999952e-03
7.076707999999999629e+03 -2.813136400000000072e-03
7.076948000000000320e+03 -2.547861599999999994e-03
7.077177999999999884e+03 -4.008154300000000203e-04
7.077417999999999665e+03 -1.401323799999999948e-03
7.077648000000000138e+03 1.040293199999999928e-03
7.077887999999999920e+03 -8.812847599999999726e-04
7.078118000000000393e+03 -7.435145599999999546e-04
7.078358000000000175e+03 6.751221900000000048e-04
7.078597999999999956e+03 -9.592361799999999609e-04
7.078828000000000429e+03 -1.618517000000000089e-03
7.079068000000000211e+03 -1.883027700000000030e-03
7.079297999999999774e+03 2.103840099999999976e-04
7.079537999999999556e+03 -1.480729000000000073e-03
7.079778000000000247e+03 1.010937099999999981e-03
7.080007999999999811e+03 3.109717300000000117e-04
7.080247999999999593e+03 -1.600880999999999962e-03
7.080478000000000065e+03 -1.830665399999999903e-03
7.080717999999999847e+03 1.879925800000000011e-03
7.080957999999999629e+03 5.551686900000000428e-04
7.081188000000000102e+03 8.389283400000000120e-04
7.081427999999999884e+03 2.525115099999999902e-04
7.081658000000000357e+03 1.086926900000000085e-03
7.081898000000000138e+03 -8.738540200000000004e-04
7.082137999999999920e+03 7.098346800000000009e-04
7.082368000000000393e+03 1.551174700000000021e-03
7.082608000000000175e+03 8.274944199999999641e-04
7.082847999999999956e+03 -1.178166299999999908e-03
7.083078000000000429e+03 -8.633640599999999868e-05
7.083318000000000211e+03 -9.070195799999999703e-04
7.083547999999999774e+03 1.572421299999999947e-03
7.083787999999999556e+03 1.762642100000000062e-03
7.084028000000000247e+03 2.792501099999999785e-04
7.084257999999999811e+03 -1.000632200000000065e-03
7.084497999999999593e+03 -1.067275300000000010e-03
7.084738000000000284e+03 -4.513573600000000095e-03
7.084967999999999847e+03 -5.168876400000000038e-05
7.085207999999999629e+03 -4.863539400000000085e-04
7.085448000000000320e+03 -1.326811700000000028e-03
7.085677999999999884e+03 -1.720675199999999920e-03
7.085917999999999665e+03 1.692795699999999999e-03
7.086148000000000138e+03 9.131788500000000228e-04
7.086387999999999920e+03 1.177973400000000047e-03
7.086627999999999702e+03 7.549661199999999897e-04
7.086858000000000175e+03 1.037283200000000023e-03
7.087097999999999956e+03 -1.017820399999999929e-03
7.087337999999999738e+03 -1.429322100000000048e-03
7.087568000000000211e+03 -1.984389799999999870e-03
7.087807999999999993e+03 5.336685800000000139e-04
7.088047999999999774e+03 1.183483900000000021e-03
7.088278000000000247e+03 1.951728100000000047e-03
7.088518000000000029e+03 2.111398300000000110e-03
7.088757999999999811e+03 2.218493199999999835e-03
7.088988000000000284e+03 2.348905100000000124e-03
7.089228000000000065e+03 1.116493700000000108e-03
7.089467999999999847e+03 4.504395000000000230e-04
7.089698000000000320e+03 1.060527699999999933e-03
7.089938000000000102e+03 2.505349500000000201e-03
7.090177999999999884e+03 2.301906600000000035e-03
7.090408000000000357e+03 2.116803200000000069e-03
7.090648000000000138e+03 2.149563699999999973e-03
7.090887999999999920e+03 2.687872100000000038e-03
7.091118000000000393e+03 2.451777999999999944e-03
7.091358000000000175e+03 1.400321400000000081e-03
7.091597999999999956e+03 1.716624500000000098e-03
7.091828000000000429e+03 1.375167100000000090e-03
7.092068000000000211e+03 2.380073400000000102e-04
7.092307999999999993e+03 2.480749100000000009e-03
7.092537999999999556e+03 3.227477199999999932e-03
7.092778000000000247e+03 3.277287900000000129e-03
7.093018000000000029e+03 2.479484499999999852e-03
7.093257999999999811e+03 3.234480200000000149e-03
7.093488000000000284e+03 2.312716900000000124e-03
7.093728000000000065e+03 2.828809600000000042e-03
7.093967999999999847e+03 2.657903100000000231e-04
7.094198000000000320e+03 -3.930914999999999887e-04
7.094438000000000102e+03 1.572530099999999969e-03
7.094677999999999884e+03 3.526951700000000196e-03
7.094908000000000357e+03 2.585270800000000029e-03
7.095148000000000138e+03 4.316489800000000016e-03
7.095387999999999920e+03 4.496815599999999698e-03
7.095627999999999702e+03 2.882685299999999951e-03
7.095858000000000175e+03 5.781785000000000006e-04
7.096097999999999956e+03 1.326135700000000009e-03
7.096337999999999738e+03 2.565172100000000146e-03
7.096568000000000211e+03 3.567877599999999885e-03
7.096807999999999993e+03 4.033526899999999825e-03
7.097047999999999774e+03 3.205952000000000194e-03
7.097287999999999556e+03 3.155143300000000112e-03
7.097518000000000029e+03 4.761834500000000116e-03
7.097757999999999811e+03 4.354922199999999854e-03
7.097997999999999593e+03 4.107034199999999927e-03
7.098238000000000284e+03 3.027451200000000082e-03
7.098467999999999847e+03 8.996535200000000234e-04
7.098707999999999629e+03 2.780488700000000035e-03
7.098948000000000320e+03 4.277861899999999863e-03
7.099177999999999884e+03 2.797329600000000079e-03
7.099417999999999665e+03 5.216504000000000280e-03
7.099658000000000357e+03 5.203723300000000045e-03
7.099898000000000138e+03 3.657089699999999891e-03
7.100127999999999702e+03 6.944103099999999681e-03
7.100368000000000393e+03 6.265807299999999642e-03
7.100608000000000175e+03 5.054221000000000234e-03
7.100847999999999956e+03 5.494883499999999622e-03
7.101078000000000429e+03 4.314204599999999640e-03
7.101318000000000211e+03 4.533648999999999839e-03
7.101557999999999993e+03 6.000547799999999578e-03
7.101797999999999774e+03 6.338062400000000346e-03
7.102028000000000247e+03 7.288211200000000237e-03
7.102268000000000029e+03 7.202114100000000380e-03
7.102507999999999811e+03 7.921064400000000366e-03
7.102747999999999593e+03 7.859800099999999720e-03
7.102978000000000065e+03 8.914392599999999486e-03
7.103217999999999847e+03 7.064653700000000404e-03
7.103457999999999629e+03 7.012872399999999992e-03
7.103698000000000320e+03 7.380743000000000373e-03
7.103938000000000102e+03 6.071303400000000253e-03
7.104167999999999665e+03 6.130154199999999706e-03
7.104408000000000357e+03 6.790286000000000412e-03
7.104648000000000138e+03 1.109257299999999967e-02
7.104887999999999920e+03 8.107060899999999140e-03
7.105118000000000393e+03 8.958626500000000520e-03
7.105358000000000175e+03 9.188481499999999816e-03
7.105597999999999956e+03 1.075887900000000071e-02
7.105837999999999738e+03 8.836280400000000312e-03
7.106078000000000429e+03 1.058793000000000060e-02
7.106307999999999993e+03 1.145524900000000068e-02
7.106547999999999774e+03 1.047001300000000024e-02
7.106787999999999556e+03 9.814084699999999634e-03
7.107028000000000247e+03 1.251257400000000027e-02
7.107257999999999811e+03 1.320264900000000033e-02
7.107497999999999593e+03 1.359747900000000086e-02
7.107738000000000284e+03 1.277067299999999975e-02
7.107978000000000065e+03 1.647919299999999962e-02
7.108217999999999847e+03 1.523138299999999938e-02
7.108448000000000320e+03 1.520481700000000068e-02
7.108688000000000102e+03 1.479636099999999919e-02
7.108927999999999884e+03 1.627939800000000048e-02
7.109167999999999665e+03 1.693404700000000068e-02
7.109408000000000357e+03 1.668388100000000110e-02
7.109637999999999920e+03 2.122395100000000132e-02
7.109877999999999702e+03 2.225750400000000087e-02
7.110118000000000393e+03 2.269500500000000073e-02
7.110358000000000175e+03 2.271552799999999872e-02
7.110597999999999956e+03 2.333430499999999963e-02
7.110837999999999738e+03 2.713823400000000066e-02
7.111068000000000211e+03 3.135941400000000212e-02
7.111307999999999993e+03 3.507301799999999747e-02
7.111547999999999774e+03 4.197275899999999837e-02
7.111787999999999556e+03 4.683370299999999736e-02
7.112028000000000247e+03 5.529523699999999709e-02
7.112257999999999811e+03 5.733337200000000050e-02
7.112497999999999593e+03 6.442928200000000438e-02
7.112738000000000284e+03 6.667287399999999309e-02
7.112978000000000065e+03 6.788716599999999879e-02
7.113217999999999847e+03 6.461914900000000073e-02
7.113457999999999629e+03 6.444837999999999956e-02
7.113688000000000102e+03 6.236460299999999762e-02
7.113927999999999884e+03 5.830440299999999770e-02
7.114167999999999665e+03 5.834663699999999981e-02
7.114408000000000357e+03 5.880183800000000210e-02
7.114648000000000138e+03 5.912555600000000272e-02
7.114887999999999920e+03 5.936609799999999909e-02
7.115127999999999702e+03 5.961934800000000256e-02
7.115358000000000175e+03 5.877241899999999936e-02
7.115597999999999956e+03 6.088900700000000193e-02
7.115837999999999738e+03 6.312547599999999981e-02
7.116078000000000429e+03 6.870964200000000133e-02
7.116318000000000211e+03 7.057415599999999900e-02
7.116557999999999993e+03 7.409049500000000621e-02
7.116797999999999774e+03 8.447817400000000310e-02
7.117028000000000247e+03 9.610613599999999479e-02
7.117268000000000029e+03 1.097623100000000018e-01
7.117507999999999811e+03 1.256661799999999884e-01
7.117747999999999593e+03 1.432381699999999980e-01
7.117988000000000284e+03 1.608827100000000121e-01
7.118228000000000065e+03 1.866554699999999900e-01
7.118467999999999847e+03 2.143863199999999913e-01
7.118698000000000320e+03 2.437684099999999909e-01
7.118938000000000102e+03 2.806397099999999867e-01
7.119177999999999884e+03 3.236447599999999758e-01
7.119417999999999665e+03 3.707721800000000067e-01
7.119658000000000357e+03 4.236926699999999935e-01
7.119898000000000138e+03 4.776596000000000175e-01
7.120137999999999920e+03 5.325069700000000239e-01
7.120377999999999702e+03 5.878820799999999736e-01
7.120608000000000175e+03 6.349037899999999679e-01
7.120847999999999956e+03 6.767837799999999460e-01
7.121087999999999738e+03 7.163932499999999814e-01
7.121328000000000429e+03 7.506327900000000497e-01
7.121568000000000211e+03 7.818712700000000071e-01
7.121807999999999993e+03 8.091513000000000178e-01
7.122047999999999774e+03 8.289096999999999715e-01
7.122287999999999556e+03 8.459817699999999663e-01
7.122528000000000247e+03 8.631115200000000209e-01
7.122768000000000029e+03 8.852370400000000306e-01
7.122997999999999593e+03 8.993185200000000101e-01
7.123238000000000284e+03 9.133053800000000555e-01
7.123478000000000065e+03 9.328921999999999493e-01
7.123717999999999847e+03 9.521464600000000278e-01
7.123957999999999629e+03 9.758559399999999773e-01
7.124198000000000320e+03 1.002890999999999977e+00
7.124438000000000102e+03 1.032944700000000049e+00
7.124677999999999884e+03 1.062435699999999983e+00
7.124917999999999665e+03 1.094449299999999958e+00
7.125158000000000357e+03 1.124974799999999941e+00
7.125398000000000138e+03 1.156760699999999975e+00
7.125627999999999702e+03 1.182007299999999983e+00
7.125868000000000393e+03 1.209452100000000030e+00
7.126108000000000175e+03 1.234193099999999932e+00
7.126347999999999956e+03 1.248549700000000096e+00
7.126587999999999738e+03 1.264893499999999893e+00
7.126828000000000429e+03 1.274355799999999928e+00
7.127068000000000211e+03 1.286470599999999909e+00
7.127307999999999993e+03 1.292598200000000030e+00
7.127547999999999774e+03 1.297070299999999898e+00
7.127787999999999556e+03 1.294972599999999918e+00
7.128028000000000247e+03 1.291798000000000002e+00
7.128268000000000029e+03 1.289799499999999988e+00
7.128507999999999811e+03 1.288775800000000027e+00
7.128747999999999593e+03 1.282166399999999928e+00
7.128988000000000284e+03 1.274469099999999910e+00
7.129217999999999847e+03 1.270614300000000085e+00
7.129457999999999629e+03 1.265694899999999956e+00
7.129698000000000320e+03 1.264276699999999920e+00
7.129938000000000102e+03 1.252113000000000032e+00
7.130177999999999884e+03 1.245937800000000095e+00
7.130417999999999665e+03 1.244256299999999982e+00
7.130658000000000357e+03 1.237272399999999939e+00
7.130898000000000138e+03 1.230021500000000101e+00
7.131137999999999920e+03 1.221956299999999995e+00
7.131377999999999702e+03 1.217530599999999907e+00
7.131618000000000393e+03 1.209331500000000004e+00
7.131858000000000175e+03 1.201015100000000002e+00
7.132097999999999956e+03 1.192358000000000029e+00
7.132337999999999738e+03 1.183317600000000080e+00
7.132578000000000429e+03 1.173566399999999899e+00
7.132818000000000211e+03 1.171503399999999973e+00
7.133057999999999993e+03 1.164402600000000065e+00
7.133297999999999774e+03 1.153677899999999923e+00
7.133537999999999556e+03 1.149007200000000006e+00
7.133778000000000247e+03 1.143066499999999985e+00
7.134018000000000029e+03 1.126134299999999921e+00
7.134257999999999811e+03 1.123150000000000093e+00
7.134497999999999593e+03 1.118377699999999919e+00
7.134738000000000284e+03 1.112538400000000038e+00
7.134978000000000065e+03 1.109133900000000006e+00
7.135217999999999847e+03 1.106884999999999897e+00
7.135457999999999629e+03 1.095630099999999940e+00
7.135698000000000320e+03 1.088782799999999940e+00
7.135938000000000102e+03 1.083333899999999961e+00
7.136177999999999884e+03 1.074835999999999903e+00
7.136417999999999665e+03 1.070218700000000078e+00
7.136658000000000357e+03 1.067018900000000103e+00
7.136898000000000138e+03 1.066532100000000094e+00
7.137137999999999920e+03 1.060497599999999929e+00
7.137377999999999702e+03 1.052526300000000026e+00
7.137618000000000393e+03 1.049582999999999933e+00
7.137858000000000175e+03 1.047917800000000010e+00
7.138097999999999956e+03 1.040377499999999955e+00
7.138337999999999738e+03 1.033750600000000075e+00
7.138578000000000429e+03 1.037150800000000039e+00
7.138818000000000211e+03 1.031574999999999909e+00
7.139057999999999993e+03 1.029071999999999987e+00
7.139297999999999774e+03 1.027782200000000090e+00
7.139537999999999556e+03 1.024267700000000003e+00
7.139778000000000247e+03 1.021471699999999982e+00
7.140018000000000029e+03 1.022190900000000013e+00
7.140257999999999811e+03 1.017219199999999990e+00
7.140497999999999593e+03 1.017494399999999910e+00
7.140738000000000284e+03 1.015079999999999982e+00
7.140978000000000065e+03 1.008959399999999951e+00
7.141217999999999847e+03 1.006928299999999998e+00
7.141457999999999629e+03 1.002987700000000038e+00
7.141698000000000320e+03 9.997807499999999958e-01
7.141938000000000102e+03 9.984767799999999527e-01
7.142177999999999884e+03 9.952193499999999471e-01
7.142417999999999665e+03 9.917685400000000318e-01
7.142658000000000357e+03 9.877001199999999592e-01
7.142898000000000138e+03 9.814503199999999872e-01
7.143137999999999920e+03 9.828475199999999745e-01
7.143377999999999702e+03 9.788954600000000505e-01
7.143618000000000393e+03 9.723078800000000133e-01
7.143858000000000175e+03 9.706008099999999805e-01
7.144097999999999956e+03 9.664838900000000121e-01
7.144337999999999738e+03 9.623182399999999914e-01
7.144578000000000429e+03 9.618578599999999534e-01
7.144828000000000429e+03 9.622387000000000024e-01
7.145068000000000211e+03 9.560773500000000480e-01
7.145307999999999993e+03 9.496148599999999496e-01
7.145547999999999774e+03 9.400212999999999486e-01
7.145787999999999556e+03 9.382189600000000462e-01
7.146028000000000247e+03 9.364837200000000195e-01
7.146268000000000029e+03 9.335896999999999668e-01
7.146507999999999811e+03 9.320619700000000174e-01
7.146747999999999593e+03 9.258681800000000406e-01
7.146988000000000284e+03 9.225976000000000177e-01
7.147228000000000065e+03 9.155482099999999734e-01
7.147467999999999847e+03 9.187445899999999721e-01
7.147707999999999629e+03 9.106081000000000314e-01
7.147948000000000320e+03 9.100014100000000106e-01
7.148188000000000102e+03 9.074951500000000282e-01
7.148438000000000102e+03 9.030200600000000133e-01
7.148677999999999884e+03 8.998349399999999720e-01
7.148917999999999665e+03 8.949620600000000037e-01
7.149158000000000357e+03 8.976391999999999705e-01
7.149398000000000138e+03 8.905847199999999964e-01
7.149637999999999920e+03 8.861637900000000068e-01
7.149877999999999702e+03 8.859314499999999537e-01
7.150118000000000393e+03 8.859389800000000426e-01
7.150358000000000175e+03 8.867463700000000060e-01
7.150597999999999956e+03 8.869702200000000314e-01
7.150837999999999738e+03 8.790740900000000302e-01
7.151087999999999738e+03 8.763101699999999994e-01
7.151328000000000429e+03 8.776451499999999850e-01
7.151568000000000211e+03 8.774766899999999481e-01
7.151807999999999993e+03 8.759144800000000508e-01
7.152047999999999774e+03 8.759647200000000300e-01
7.152287999999999556e+03 8.762076300000000151e-01
7.152528000000000247e+03 8.758873099999999745e-01
7.152768000000000029e+03 8.755527699999999802e-01
7.153007999999999811e+03 8.768645699999999543e-01
7.153247999999999593e+03 8.741358799999999762e-01
7.153497999999999593e+03 8.757617800000000452e-01
7.153738000000000284e+03 8.766201399999999921e-01
7.153978000000000065e+03 8.775597699999999612e-01
7.154217999999999847e+03 8.778530500000000236e-01
7.154457999999999629e+03 8.761489000000000082e-01
7.154698000000000320e+03 8.759894599999999976e-01
7.154938000000000102e+03 8.782265900000000292e-01
7.155177999999999884e+03 8.806695700000000127e-01
7.155427999999999884e+03 8.795607699999999918e-01
7.155667999999999665e+03 8.847931199999999885e-01
7.155908000000000357e+03 8.858777700000000088e-01
7.156148000000000138e+03 8.851134099999999894e-01
7.156387999999999920e+03 8.916115399999999802e-01
7.156627999999999702e+03 8.905912499999999454e-01
7.156868000000000393e+03 8.878502299999999625e-01
7.157118000000000393e+03 8.912630999999999748e-01
7.157358000000000175e+03 8.944392100000000401e-01
7.157597999999999956e+03 8.966545500000000501e-01
7.157837999999999738e+03 8.966746599999999567e-01
7.158078000000000429e+03 8.984644800000000098e-01
7.158318000000000211e+03 9.001146799999999448e-01
7.158557999999999993e+03 9.041677399999999976e-01
7.158807999999999993e+03 9.079448900000000044e-01
7.159047999999999774e+03 9.103157200000000504e-01
7.159287999999999556e+03 9.075463799999999859e-01
7.159528000000000247e+03 9.089615500000000070e-01
7.159768000000000029e+03 9.124331799999999548e-01
7.160007999999999811e+03 9.153432799999999814e-01
7.160257999999999811e+03 9.131221699999999553e-01
7.160497999999999593e+03 9.162562400000000551e-01
7.160738000000000284e+03 9.215564699999999609e-01
7.160978000000000065e+03 9.219635200000000363e-01
7.161217999999999847e+03 9.222527099999999756e-01
7.161457999999999629e+03 9.271128499999999883e-01
7.161707999999999629e+03 9.300477700000000514e-01
7.161948000000000320e+03 9.306248999999999771e-01
7.162188000000000102e+03 9.307558799999999799e-01
7.162427999999999884e+03 9.296348399999999623e-01
7.162667999999999665e+03 9.339666699999999988e-01
7.162908000000000357e+03 9.388507799999999959e-01
7.163158000000000357e+03 9.415107600000000021e-01
7.163398000000000138e+03 9.401360699999999904e-01
7.163637999999999920e+03 9.442762000000000100e-01
7.163877999999999702e+03 9.463163500000000283e-01
7.164118000000000393e+03 9.446639500000000300e-01
7.164368000000000393e+03 9.470514100000000379e-01
7.164608000000000175e+03 9.492704299999999984e-01
7.164847999999999956e+03 9.501495599999999486e-01
7.165087999999999738e+03 9.524634199999999495e-01
7.165328000000000429e+03 9.527716800000000097e-01
7.165578000000000429e+03 9.565298300000000253e-01
7.165818000000000211e+03 9.545427100000000165e-01
7.166057999999999993e+03 9.547535000000000327e-01
7.166297999999999774e+03 9.600304800000000194e-01
7.166537999999999556e+03 9.609539700000000462e-01
7.166787999999999556e+03 9.603219899999999587e-01
7.167028000000000247e+03 9.625067600000000168e-01
7.167268000000000029e+03 9.627468799999999716e-01
7.167507999999999811e+03 9.633081999999999478e-01
7.167747999999999593e+03 9.652057499999999735e-01
7.167997999999999593e+03 9.684819099999999459e-01
7.168238000000000284e+03 9.701528999999999847e-01
7.168478000000000065e+03 9.752732899999999594e-01
7.168717999999999847e+03 9.726469800000000498e-01
7.168967999999999847e+03 9.698508399999999918e-01
7.169207999999999629e+03 9.740061500000000150e-01
7.169448000000000320e+03 9.759881400000000040e-01
7.169688000000000102e+03 9.771807300000000529e-01
7.169927999999999884e+03 9.782898799999999451e-01
7.170177999999999884e+03 9.774163900000000238e-01
7.170417999999999665e+03 9.809995999999999716e-01
7.170658000000000357e+03 9.818267800000000101e-01
7.170898000000000138e+03 9.811244599999999760e-01
7.171148000000000138e+03 9.811759500000000189e-01
7.171387999999999920e+03 9.839220699999999820e-01
7.171627999999999702e+03 9.862740899999999922e-01
7.171868000000000393e+03 9.897579699999999869e-01
7.172118000000000393e+03 9.907511199999999851e-01
7.172358000000000175e+03 9.941129199999999555e-01
7.172597999999999956e+03 9.957407600000000025e-01
7.172837999999999738e+03 9.929239199999999599e-01
7.173087999999999738e+03 9.980604699999999774e-01
7.173328000000000429e+03 1.000612199999999952e+00
7.173568000000000211e+03 9.982398599999999789e-01
7.173807999999999993e+03 9.977180900000000019e-01
7.174057999999999993e+03 1.000553800000000049e+00
7.174297999999999774e+03 1.003991400000000089e+00
7.174537999999999556e+03 1.005489499999999925e+00
7.174778000000000247e+03 1.003150500000000056e+00
7.175028000000000247e+03 1.006738099999999969e+00
7.175268000000000029e+03 1.004345899999999903e+00
7.175507999999999811e+03 1.001426900000000009e+00
7.175747999999999593e+03 1.000812700000000000e+00
7.175997999999999593e+03 1.003952299999999909e+00
7.176238000000000284e+03 1.005682200000000082e+00
7.176478000000000065e+03 1.004819899999999988e+00
7.176728000000000065e+03 1.006725199999999987e+00
7.176967999999999847e+03 1.008102599999999960e+00
7.177207999999999629e+03 1.006534899999999899e+00
7.177448000000000320e+03 1.006389900000000059e+00
7.177698000000000320e+03 1.006982700000000008e+00
7.177938000000000102e+03 1.007123400000000002e+00
7.178177999999999884e+03 1.006246600000000102e+00
7.178427999999999884e+03 1.004661500000000096e+00
7.178667999999999665e+03 1.005525900000000084e+00
7.178908000000000357e+03 1.004010599999999975e+00
7.179148000000000138e+03 1.005157199999999973e+00
7.179398000000000138e+03 1.007641000000000009e+00
7.179637999999999920e+03 1.006933700000000043e+00
7.179877999999999702e+03 1.006138800000000000e+00
7.180127999999999702e+03 1.003114599999999967e+00
7.180368000000000393e+03 1.004549799999999937e+00
7.180608000000000175e+03 1.004942699999999967e+00
7.180858000000000175e+03 1.003667000000000087e+00
7.181097999999999956e+03 1.002639999999999976e+00
7.181337999999999738e+03 1.007434200000000057e+00
7.181587999999999738e+03 1.009181700000000070e+00
7.181828000000000429e+03 1.007478499999999944e+00
7.182068000000000211e+03 1.006014699999999928e+00
7.182307999999999993e+03 1.006181100000000050e+00
7.182557999999999993e+03 1.004391899999999893e+00
7.182797999999999774e+03 1.004851900000000020e+00
7.183037999999999556e+03 1.005596399999999946e+00
7.183287999999999556e+03 1.008873700000000095e+00
7.183528000000000247e+03 1.005305200000000010e+00
7.183768000000000029e+03 1.005468800000000051e+00
7.184018000000000029e+03 1.008786100000000019e+00
7.184257999999999811e+03 1.007524499999999934e+00
7.184497999999999593e+03 1.011707499999999982e+00
7.184747999999999593e+03 1.009946900000000092e+00
7.184988000000000284e+03 1.011779500000000054e+00
7.185228000000000065e+03 1.008398600000000034e+00
7.185478000000000065e+03 1.008816099999999993e+00
7.185717999999999847e+03 1.009643199999999963e+00
7.185957999999999629e+03 1.009288299999999916e+00
7.186207999999999629e+03 1.008800900000000000e+00
7.186448000000000320e+03 1.007380299999999895e+00
7.186698000000000320e+03 1.011206599999999955e+00
7.186938000000000102e+03 1.010604800000000081e+00
7.187177999999999884e+03 1.009902499999999925e+00
7.187427999999999884e+03 1.010774800000000084e+00
7.187667999999999665e+03 1.009727800000000064e+00
7.187908000000000357e+03 1.012975699999999923e+00
7.188398000000000138e+03 1.011707600000000040e+00
7.188637999999999920e+03 1.007202300000000106e+00
7.189127999999999702e+03 1.009295099999999890e+00
7.189368000000000393e+03 1.010167899999999896e+00
7.189618000000000393e+03 1.004951699999999892e+00
7.189858000000000175e+03 1.005366100000000040e+00
7.190108000000000175e+03 1.009463500000000069e+00
7.190347999999999956e+03 1.009074999999999944e+00
7.190587999999999738e+03 1.008267500000000094e+00
7.190837999999999738e+03 1.006530300000000100e+00
7.191078000000000429e+03 1.008704999999999963e+00
7.191318000000000211e+03 1.009710300000000061e+00
7.191568000000000211e+03 1.008592300000000108e+00
7.191807999999999993e+03 1.009947699999999893e+00
7.192057999999999993e+03 1.007300099999999921e+00
7.192297999999999774e+03 1.004424999999999901e+00
7.192537999999999556e+03 1.003485900000000042e+00
7.192787999999999556e+03 1.007212299999999949e+00
7.193028000000000247e+03 1.004783100000000040e+00
7.193278000000000247e+03 1.001569600000000060e+00
7.193518000000000029e+03 1.004935899999999993e+00
7.193757999999999811e+03 1.004649799999999926e+00
7.194007999999999811e+03 1.003557599999999939e+00
7.194247999999999593e+03 1.001985600000000032e+00
7.194497999999999593e+03 1.000176500000000024e+00
7.194738000000000284e+03 1.002813600000000083e+00
7.194978000000000065e+03 1.001978700000000000e+00
7.195228000000000065e+03 1.001287800000000061e+00
7.195467999999999847e+03 1.002696899999999891e+00
7.195717999999999847e+03 1.000514600000000032e+00
7.195957999999999629e+03 1.001728699999999916e+00
7.196198000000000320e+03 9.983438000000000034e-01
7.196448000000000320e+03 1.000048599999999954e+00
7.196688000000000102e+03 9.984694600000000309e-01
7.196938000000000102e+03 9.992162700000000175e-01
7.197177999999999884e+03 9.991585699999999681e-01
7.197427999999999884e+03 9.994480000000000031e-01
7.197667999999999665e+03 9.975430199999999470e-01
7.197908000000000357e+03 9.972258699999999587e-01
7.198158000000000357e+03 9.951834699999999589e-01
7.198398000000000138e+03 9.969669799999999471e-01
7.198648000000000138e+03 9.929821199999999681e-01
7.198887999999999920e+03 9.966569299999999965e-01
7.199137999999999920e+03 9.948642100000000266e-01
7.199377999999999702e+03 9.974800000000000333e-01
7.199618000000000393e+03 9.930739100000000041e-01
7.199868000000000393e+03 9.938519700000000290e-01
7.200108000000000175e+03 9.940260600000000446e-01
7.200358000000000175e+03 9.934852299999999969e-01
7.200597999999999956e+03 9.945461899999999966e-01
7.200847999999999956e+03 9.907185600000000258e-01
7.201087999999999738e+03 9.930898799999999804e-01
7.201337999999999738e+03 9.919113699999999589e-01
7.201578000000000429e+03 9.917726599999999726e-01
7.201828000000000429e+03 9.889665499999999998e-01
7.202068000000000211e+03 9.919832299999999936e-01
7.202307999999999993e+03 9.889669300000000218e-01
7.202557999999999993e+03 9.923150800000000160e-01
7.202797999999999774e+03 9.911951399999999746e-01
7.203047999999999774e+03 9.887784499999999754e-01
7.203287999999999556e+03 9.881106400000000400e-01
7.203537999999999556e+03 9.890873399999999815e-01
7.203778000000000247e+03 9.901891299999999729e-01
7.204028000000000247e+03 9.881158700000000072e-01
7.204268000000000029e+03 9.891626599999999714e-01
7.204518000000000029e+03 9.882306299999999988e-01
7.204757999999999811e+03 9.882487199999999694e-01
7.205007999999999811e+03 9.899910299999999941e-01
7.205247999999999593e+03 9.867985700000000415e-01
7.205497999999999593e+03 9.861476200000000025e-01
7.205738000000000284e+03 9.874163400000000035e-01
7.205988000000000284e+03 9.870580500000000201e-01
7.206228000000000065e+03 9.865164199999999495e-01
7.206478000000000065e+03 9.876236099999999851e-01
7.206717999999999847e+03 9.877376799999999513e-01
7.206967999999999847e+03 9.826641299999999690e-01
7.207207999999999629e+03 9.837888099999999580e-01
7.207448000000000320e+03 9.847974800000000029e-01
7.207698000000000320e+03 9.859454100000000221e-01
7.207938000000000102e+03 9.878185600000000122e-01
7.208188000000000102e+03 9.846720100000000420e-01
7.208427999999999884e+03 9.846315199999999823e-01
7.208677999999999884e+03 9.830659299999999767e-01
7.208927999999999884e+03 9.818548499999999457e-01
7.209167999999999665e+03 9.831160799999999478e-01
7.209417999999999665e+03 9.854957699999999932e-01
7.209658000000000357e+03 9.851034699999999811e-01
7.209908000000000357e+03 9.857602600000000548e-01
7.210148000000000138e+03 9.861061199999999749e-01
7.210398000000000138e+03 9.844363499999999600e-01
7.210637999999999920e+03 9.841676999999999786e-01
7.210887999999999920e+03 9.828451599999999955e-01
7.211127999999999702e+03 9.799247899999999900e-01
7.211377999999999702e+03 9.820280300000000517e-01
7.211618000000000393e+03 9.837283399999999789e-01
7.211868000000000393e+03 9.848802899999999916e-01
7.212108000000000175e+03 9.812577300000000502e-01
7.212358000000000175e+03 9.825215400000000265e-01
7.212597999999999956e+03 9.813555600000000156e-01
7.212847999999999956e+03 9.829186100000000259e-01
7.213087999999999738e+03 9.820266899999999799e-01
7.213337999999999738e+03 9.799193600000000171e-01
7.213578000000000429e+03 9.806233800000000445e-01
7.213828000000000429e+03 9.798812000000000078e-01
7.214078000000000429e+03 9.813448200000000066e-01
7.214318000000000211e+03 9.795252599999999532e-01
7.214568000000000211e+03 9.799128599999999967e-01
7.214807999999999993e+03 9.815080000000000471e-01
7.215057999999999993e+03 9.828394700000000483e-01
7.215297999999999774e+03 9.838256199999999563e-01
7.215547999999999774e+03 9.803576999999999986e-01
7.215787999999999556e+03 9.792041999999999691e-01
7.216037999999999556e+03 9.790748900000000310e-01
7.216287999999999556e+03 9.830378300000000014e-01
7.216528000000000247e+03 9.773557899999999465e-01
7.216778000000000247e+03 9.817448899999999812e-01
7.217018000000000029e+03 9.821871500000000088e-01
7.217268000000000029e+03 9.813269599999999704e-01
7.217507999999999811e+03 9.788240799999999853e-01
7.217757999999999811e+03 9.785257499999999720e-01
7.217997999999999593e+03 9.811532099999999978e-01
7.218247999999999593e+03 9.820229799999999898e-01
7.218497999999999593e+03 9.802003200000000138e-01
7.218738000000000284e+03 9.804239700000000335e-01
7.218988000000000284e+03 9.775097299999999656e-01
7.219228000000000065e+03 9.810608100000000054e-01
7.219478000000000065e+03 9.790181399999999812e-01
7.219728000000000065e+03 9.804100300000000434e-01
7.219967999999999847e+03 9.817968700000000437e-01
7.220217999999999847e+03 9.811979600000000357e-01
7.220457999999999629e+03 9.822855400000000126e-01
7.220707999999999629e+03 9.821593299999999971e-01
7.220948000000000320e+03 9.816213799999999878e-01
7.221198000000000320e+03 9.806221099999999913e-01
7.221448000000000320e+03 9.794513999999999720e-01
7.221688000000000102e+03 9.791468399999999628e-01
7.221938000000000102e+03 9.797278799999999954e-01
7.222177999999999884e+03 9.808916800000000435e-01
7.222427999999999884e+03 9.793821600000000016e-01
7.222677999999999884e+03 9.821459900000000243e-01
7.222917999999999665e+03 9.790000700000000000e-01
7.223167999999999665e+03 9.801729099999999528e-01
7.223408000000000357e+03 9.822581099999999621e-01
7.223658000000000357e+03 9.806109400000000420e-01
7.223908000000000357e+03 9.799905700000000053e-01
7.224148000000000138e+03 9.784857700000000325e-01
7.224398000000000138e+03 9.791340600000000283e-01
7.224648000000000138e+03 9.808713700000000202e-01
7.224887999999999920e+03 9.790646800000000205e-01
7.225137999999999920e+03 9.785479500000000552e-01
7.225377999999999702e+03 9.812294799999999872e-01
7.225627999999999702e+03 9.803479600000000183e-01
7.225877999999999702e+03 9.782641800000000387e-01
7.226118000000000393e+03 9.804912099999999464e-01
7.226368000000000393e+03 9.808148500000000158e-01
7.226618000000000393e+03 9.796533800000000181e-01
7.226858000000000175e+03 9.823121299999999501e-01
7.227108000000000175e+03 9.781176200000000209e-01
7.227347999999999956e+03 9.816122299999999745e-01
7.227597999999999956e+03 9.817460300000000473e-01
7.227847999999999956e+03 9.817757599999999973e-01
7.228087999999999738e+03 9.828760899999999801e-01
7.228337999999999738e+03 9.797161300000000184e-01
7.228587999999999738e+03 9.775783099999999504e-01
7.228828000000000429e+03 9.787341400000000302e-01
7.229078000000000429e+03 9.796884999999999621e-01
7.229328000000000429e+03 9.775427199999999761e-01
7.229568000000000211e+03 9.762235900000000299e-01
7.229818000000000211e+03 9.814368500000000273e-01
7.230068000000000211e+03 9.808743899999999849e-01
7.230307999999999993e+03 9.804494799999999843e-01
7.230557999999999993e+03 9.828557700000000175e-01
7.230807999999999993e+03 9.785402300000000109e-01
7.231047999999999774e+03 9.772696400000000505e-01
7.231297999999999774e+03 9.779349200000000408e-01
7.231547999999999774e+03 9.792096900000000215e-01
7.231787999999999556e+03 9.810661000000000520e-01
7.232037999999999556e+03 9.810316599999999720e-01
7.232287999999999556e+03 9.809299599999999897e-01
7.232528000000000247e+03 9.808430999999999678e-01
7.233518000000000029e+03 9.805940300000000054e-01
7.235738000000000284e+03 9.830750400000000111e-01
7.238087999999999738e+03 9.841353000000000462e-01
7.240307999999999993e+03 9.861452499999999732e-01
7.242658000000000357e+03 9.911624199999999885e-01
7.245018000000000029e+03 9.941736300000000304e-01
7.247368000000000393e+03 9.946003799999999506e-01
7.249717999999999847e+03 9.978081300000000153e-01
7.252078000000000429e+03 1.002335600000000104e+00
7.254438000000000102e+03 1.003809100000000010e+00
7.256917999999999665e+03 1.004797900000000022e+00
7.259408000000000357e+03 1.007466799999999996e+00
7.261887999999999920e+03 1.008583900000000089e+00
7.264377999999999702e+03 1.009542099999999998e+00
7.266868000000000393e+03 1.009929899999999936e+00
7.271988000000000284e+03 1.009410099999999977e+00
7.274478000000000065e+03 1.007651099999999911e+00
7.277108000000000175e+03 1.008870200000000050e+00
7.279728000000000065e+03 1.006703200000000020e+00
7.282358000000000175e+03 1.005647200000000074e+00
7.284988000000000284e+03 1.003703100000000070e+00
7.287738000000000284e+03 1.002742299999999975e+00
7.290377999999999702e+03 1.000985500000000084e+00
7.293137999999999920e+03 1.001097200000000020e+00
7.295898000000000138e+03 9.996433099999999516e-01
7.298667999999999665e+03 9.981739400000000373e-01
7.301427999999999884e+03 9.969678800000000285e-01
7.304198000000000320e+03 9.963094200000000011e-01
7.307097999999999956e+03 9.963657900000000289e-01
7.309868000000000393e+03 9.981793100000000418e-01
7.312778000000000247e+03 9.971390599999999660e-01
7.315677999999999884e+03 9.963474399999999731e-01
7.318587999999999738e+03 9.983798999999999868e-01
7.321497999999999593e+03 9.994685599999999503e-01
7.324408000000000357e+03 9.993369800000000414e-01
7.327448000000000320e+03 9.998919099999999949e-01
7.330368000000000393e+03 9.991625499999999827e-01
7.333408000000000357e+03 1.001129600000000064e+00
7.336457999999999629e+03 1.000781600000000049e+00
7.339507999999999811e+03 1.000832699999999909e+00
7.342568000000000211e+03 1.001043799999999928e+00
7.345618000000000393e+03 1.001554899999999915e+00
7.348807999999999993e+03 1.000841400000000103e+00
7.351868000000000393e+03 9.998058399999999457e-01
7.355068000000000211e+03 1.001578300000000032e+00
7.358257999999999811e+03 1.000750000000000028e+00
7.361457999999999629e+03 1.000260399999999938e+00
7.364658000000000357e+03 1.001501299999999928e+00
7.367858000000000175e+03 1.000691199999999892e+00
7.371198000000000320e+03 1.001273700000000044e+00
7.374408000000000357e+03 1.000603200000000026e+00
7.377747999999999593e+03 1.000325399999999920e+00
7.381097999999999956e+03 9.993134799999999762e-01
7.384438000000000102e+03 1.000282300000000069e+00
7.387787999999999556e+03 9.993862900000000105e-01
7.391148000000000138e+03 1.000171399999999933e+00
7.408358000000000175e+03 9.993317900000000531e-01
7.411858000000000175e+03 9.986090499999999981e-01
7.415368000000000393e+03 9.996349799999999508e-01
7.419007999999999811e+03 9.995109599999999483e-01
7.422518000000000029e+03 9.986838399999999893e-01
7.426167999999999665e+03 9.986060100000000439e-01
7.429688000000000102e+03 9.980329700000000193e-01
7.448127999999999702e+03 9.984879100000000340e-01
7.451797999999999774e+03 9.988061999999999774e-01
7.455608000000000175e+03 9.983393200000000300e-01
7.459297999999999774e+03 9.984940599999999611e-01
7.463108000000000175e+03 9.996861500000000511e-01
7.466927999999999884e+03 9.987639400000000167e-01
7.470757999999999811e+03 9.988471599999999562e-01
7.474587999999999738e+03 9.994241699999999451e-01
7.478547999999999774e+03 1.000136300000000089e+00
7.486358000000000175e+03 1.000555499999999931e+00
7.490337999999999738e+03 1.000957700000000061e+00
7.494188000000000102e+03 1.000648999999999900e+00
7.498177999999999884e+03 1.000585800000000081e+00
7.502167999999999665e+03 1.000692600000000043e+00
7.526747999999999593e+03 1.000690899999999939e+00
7.530768000000000029e+03 1.001104200000000111e+00
7.534927999999999884e+03 1.000013999999999958e+00
7.539228000000000065e+03 1.000129999999999963e+00
7.543408000000000357e+03 1.001259399999999911e+00
7.547578000000000429e+03 1.001269200000000081e+00
7.551898000000000138e+03 1.002122500000000027e+00
7.556078000000000429e+03 1.001014099999999907e+00
7.560408000000000357e+03 1.001023199999999891e+00
7.564738000000000284e+03 1.001807399999999904e+00
7.569078000000000429e+03 1.001935100000000078e+00
7.577768000000000029e+03 1.000479300000000071e+00
7.582247999999999593e+03 1.000644000000000089e+00
7.586608000000000175e+03 1.001201500000000078e+00
7.591108000000000175e+03 1.000156199999999940e+00
7.595478000000000065e+03 9.999163300000000199e-01
7.599988000000000284e+03 9.994039099999999509e-01
7.604497999999999593e+03 9.998801899999999465e-01
7.609028000000000247e+03 9.990455299999999594e-01
7.613547999999999774e+03 9.994054500000000285e-01
7.618078000000000429e+03 9.993192600000000425e-01
7.622757999999999811e+03 1.000257500000000022e+00
7.627297999999999774e+03 1.000212399999999890e+00
7.631988000000000284e+03 1.000501099999999921e+00
7.636537999999999556e+03 9.995801600000000509e-01
7.641238000000000284e+03 9.997621100000000371e-01
7.645948000000000320e+03 9.995163299999999529e-01
7.650658000000000357e+03 9.992858900000000100e-01
7.655377999999999702e+03 9.997945299999999591e-01
7.660097999999999956e+03 1.000082200000000032e+00
7.664828000000000429e+03 9.999005899999999780e-01
7.669698000000000320e+03 9.995375899999999758e-01
7.674438000000000102e+03 9.989521099999999487e-01
7.679328000000000429e+03 9.989371000000000222e-01
7.684078000000000429e+03 9.991588900000000217e-01
7.688978000000000065e+03 9.997874199999999822e-01
7.693887999999999920e+03 1.000279700000000105e+00
7.698797999999999774e+03 9.992497299999999472e-01
7.703717999999999847e+03 9.998133200000000054e-01
7.713717999999999847e+03 9.994028999999999829e-01
7.718658000000000357e+03 9.999090400000000267e-01
7.723747999999999593e+03 1.000928400000000051e+00
7.728698000000000320e+03 9.999847099999999989e-01
7.733797999999999774e+03 9.999803600000000126e-01
7.738908000000000357e+03 9.994923300000000399e-01
7.743877999999999702e+03 9.996633700000000511e-01
7.748997999999999593e+03 1.000064199999999959e+00
7.754268000000000029e+03 9.999110100000000445e-01
7.759408000000000357e+03 9.991623299999999874e-01
7.764547999999999774e+03 9.985623399999999927e-01
7.769698000000000320e+03 1.000181100000000045e+00
7.774997999999999593e+03 1.000466000000000077e+00
7.780158000000000357e+03 1.001527300000000009e+00
7.785478000000000065e+03 1.000747300000000006e+00
7.790797999999999774e+03 1.000675699999999946e+00
7.795988000000000284e+03 1.000144900000000003e+00
7.801318000000000211e+03 9.997469399999999728e-01
