energy intensity
6.862479999999999563e+03 -2.991999700000000199e-03
6.872449999999999818e+03 2.106449100000000116e-02
6.882439999999999600e+03 1.158283400000000019e-02
6.892470000000000255e+03 9.983880400000000668e-03
6.902529999999999745e+03 7.380257299999999979e-03
6.912510000000000218e+03 5.562772900000000423e-03
6.922510000000000218e+03 3.751229000000000022e-03
6.932439999999999600e+03 1.631627000000000077e-03
6.942500000000000000e+03 3.189875499999999847e-04
6.952489999999999782e+03 3.596225799999999933e-04
6.962500000000000000e+03 -3.332619699999999794e-04
6.972550000000000182e+03 -2.855956099999999807e-03
6.982510000000000218e+03 -2.619068699999999809e-03
6.992489999999999782e+03 -3.949354399999999675e-03
7.002510000000000218e+03 -5.170575099999999771e-03
7.012449999999999818e+03 -4.891739600000000188e-03
7.022529999999999745e+03 -2.277827999999999971e-03
7.032520000000000437e+03 -3.358653400000000209e-03
7.042539999999999964e+03 -2.364682199999999963e-03
7.052479999999999563e+03 -1.884698800000000028e-03
7.062439999999999600e+03 -1.155939300000000027e-03
7.063500000000000000e+03 -2.433851999999999804e-03
7.063739999999999782e+03 -2.740606599999999803e-03
7.063970000000000255e+03 -1.205975399999999892e-03
7.064199999999999818e+03 -3.847103400000000182e-04
7.064439999999999600e+03 -1.329620000000000107e-03
7.064670000000000073e+03 -8.307621700000000515e-04
7.064909999999999854e+03 -1.655798100000000026e-03
7.065140000000000327e+03 -1.561646700000000106e-03
7.065380000000000109e+03 -1.850780499999999957e-03
7.065609999999999673e+03 -1.510674800000000101e-03
7.065850000000000364e+03 -9.880567300000000792e-04
7.066079999999999927e+03 -1.019238599999999989e-03
7.066319999999999709e+03 -9.286012400000000526e-04
7.066560000000000400e+03 -9.235706900000000301e-04
7.066789999999999964e+03 -7.155065900000000039e-04
7.067029999999999745e+03 -1.490766300000000025e-03
7.067260000000000218e+03 -4.874425600000000251e-04
7.067500000000000000e+03 -6.543155899999999591e-04
7.067729999999999563e+03 -6.936825599999999750e-04
7.067970000000000255e+03 -8.481375600000000403e-05
7.068199999999999818e+03 -2.721400399999999824e-04
7.068439999999999600e+03 -4.314048899999999996e-04
7.068670000000000073e+03 -1.229378099999999972e-03
7.068909999999999854e+03 -7.787325999999999580e-04
7.069140000000000327e+03 -1.345513100000000038e-03
7.069380000000000109e+03 -1.390974099999999934e-03
7.069609999999999673e+03 -1.428465999999999981e-03
7.069850000000000364e+03 -6.858099899999999536e-04
7.070079999999999927e+03 -2.135945700000000010e-04
7.070319999999999709e+03 -4.033062100000000053e-04
7.070550000000000182e+03 -1.319679299999999920e-03
7.070789999999999964e+03 -8.486647100000000409e-04
7.071020000000000437e+03 -7.791031599999999682e-04
7.071260000000000218e+03 -1.034420400000000007e-03
7.071500000000000000e+03 -7.950040299999999683e-05
7.071729999999999563e+03 4.002674099999999828e-04
7.071970000000000255e+03 -4.280407900000000160e-04
7.072199999999999818e+03 -1.513317099999999952e-03
7.072439999999999600e+03 -3.766709799999999977e-04
7.072670000000000073e+03 -4.999531499999999721e-04
7.072909999999999854e+03 -9.673130999999999527e-04
7.073140000000000327e+03 -6.517921600000000076e-04
7.073380000000000109e+03 4.196838199999999896e-04
7.073619999999999891e+03 -1.417196199999999975e-03
7.073850000000000364e+03 -1.113272800000000059e-03
7.074090000000000146e+03 -1.226374900000000000e-03
7.074319999999999709e+03 -2.013776399999999973e-04
7.074560000000000400e+03 -4.609834499999999782e-04
7.074789999999999964e+03 -7.666538599999999856e-04
7.075029999999999745e+03 1.458193799999999937e-04
7.075260000000000218e+03 3.361765100000000100e-04
7.075500000000000000e+03 -9.492679199999999595e-04
7.075739999999999782e+03 -4.138861500000000251e-04
7.075970000000000255e+03 -6.657931999999999869e-04
7.076210000000000036e+03 -8.204252899999999859e-04
7.076439999999999600e+03 -1.465862899999999941e-03
7.076680000000000291e+03 -2.108176099999999834e-03
7.076920000000000073e+03 -7.573870599999999679e-04
7.077149999999999636e+03 1.140227300000000053e-03
7.077390000000000327e+03 1.638605699999999923e-04
7.077619999999999891e+03 7.364460900000000497e-04
7.077859999999999673e+03 3.101554899999999946e-04
7.078090000000000146e+03 -7.790604900000000325e-04
7.078329999999999927e+03 -1.454372799999999893e-04
7.078569999999999709e+03 -5.117337399999999717e-04
7.078800000000000182e+03 -8.489698699999999754e-04
7.079039999999999964e+03 1.617826299999999937e-04
7.079270000000000437e+03 5.216811700000000473e-04
7.079510000000000218e+03 3.554248999999999993e-04
7.079750000000000000e+03 -2.420670800000000039e-04
7.079979999999999563e+03 -7.442939399999999681e-04
7.080220000000000255e+03 -3.722694700000000155e-04
7.080449999999999818e+03 6.883270700000000165e-04
7.080689999999999600e+03 1.487694300000000011e-03
7.080930000000000291e+03 1.186753800000000083e-03
7.081159999999999854e+03 1.121389100000000014e-03
7.081399999999999636e+03 1.064595300000000097e-03
7.081630000000000109e+03 3.055560499999999762e-04
7.081869999999999891e+03 -1.860573999999999984e-04
7.082109999999999673e+03 -3.862928699999999870e-04
7.082340000000000146e+03 4.538974400000000118e-04
7.082579999999999927e+03 9.995863399999999500e-04
7.082819999999999709e+03 1.580101200000000056e-03
7.083050000000000182e+03 1.748268400000000007e-03
7.083289999999999964e+03 -6.559613300000000265e-04
7.083520000000000437e+03 2.698373499999999958e-04
7.083760000000000218e+03 4.539361899999999985e-04
7.084000000000000000e+03 9.457332899999999591e-04
7.084229999999999563e+03 1.324888499999999931e-03
7.084470000000000255e+03 9.203386999999999506e-04
7.084710000000000036e+03 1.791692400000000030e-03
7.084939999999999600e+03 1.203533699999999925e-03
7.085180000000000291e+03 1.407211800000000065e-03
7.085420000000000073e+03 1.640291499999999947e-04
7.085649999999999636e+03 4.659144600000000034e-04
7.085890000000000327e+03 6.452350399999999737e-05
7.086119999999999891e+03 6.981632799999999825e-04
7.086359999999999673e+03 1.190211399999999966e-03
7.086600000000000364e+03 1.750498199999999923e-03
7.086829999999999927e+03 1.912513000000000017e-03
7.087069999999999709e+03 2.031357699999999933e-03
7.087310000000000400e+03 1.105358799999999917e-03
7.087539999999999964e+03 1.226403000000000042e-03
7.087779999999999745e+03 1.047009499999999958e-03
7.088020000000000437e+03 1.037932000000000091e-03
7.088250000000000000e+03 5.036283899999999562e-04
7.088489999999999782e+03 1.417618100000000081e-03
7.088729999999999563e+03 2.009739200000000038e-03
7.088960000000000036e+03 1.464928799999999946e-03
7.089199999999999818e+03 1.568559300000000071e-03
7.089439999999999600e+03 2.041692999999999807e-03
7.089670000000000073e+03 2.120485300000000180e-03
7.089909999999999854e+03 2.310865300000000157e-03
7.090149999999999636e+03 1.781408200000000018e-03
7.090380000000000109e+03 1.530238499999999908e-03
7.090619999999999891e+03 2.080655199999999899e-03
7.090859999999999673e+03 1.966920300000000142e-03
7.091090000000000146e+03 2.982364899999999808e-03
7.091329999999999927e+03 2.543132400000000168e-03
7.091569999999999709e+03 1.930489999999999984e-03
7.091800000000000182e+03 2.240643400000000198e-03
7.092039999999999964e+03 2.432106399999999988e-03
7.092279999999999745e+03 1.801575500000000092e-03
7.092510000000000218e+03 2.683412100000000071e-03
7.092750000000000000e+03 2.957998299999999980e-03
7.092989999999999782e+03 2.838125600000000141e-03
7.093229999999999563e+03 2.920764299999999841e-03
7.093460000000000036e+03 3.685681200000000182e-03
7.093699999999999818e+03 3.715411300000000163e-03
7.093939999999999600e+03 2.467266699999999882e-03
7.094170000000000073e+03 3.430040000000000085e-03
7.094409999999999854e+03 2.738799300000000197e-03
7.094649999999999636e+03 2.667521999999999862e-03
7.094880000000000109e+03 3.019434000000000094e-03
7.095119999999999891e+03 4.582179300000000129e-03
7.095359999999999673e+03 4.312843499999999969e-03
7.095600000000000364e+03 3.485681300000000125e-03
7.095829999999999927e+03 4.637783599999999694e-03
7.096069999999999709e+03 4.196023000000000114e-03
7.096310000000000400e+03 4.274076800000000190e-03
7.096539999999999964e+03 3.858037600000000129e-03
7.096779999999999745e+03 4.584473500000000104e-03
7.097020000000000437e+03 4.414559000000000191e-03
7.097260000000000218e+03 6.298428699999999818e-03
7.097489999999999782e+03 5.024010800000000034e-03
7.097729999999999563e+03 5.602099600000000346e-03
7.097970000000000255e+03 4.863244400000000210e-03
7.098210000000000036e+03 4.563155999999999636e-03
7.098439999999999600e+03 5.008626300000000066e-03
7.098680000000000291e+03 5.061559700000000002e-03
7.098920000000000073e+03 5.512779599999999974e-03
7.099149999999999636e+03 6.379201400000000279e-03
7.099390000000000327e+03 6.122974300000000314e-03
7.099630000000000109e+03 6.609616700000000254e-03
7.099869999999999891e+03 6.045817200000000273e-03
7.100100000000000364e+03 6.362933099999999904e-03
7.100340000000000146e+03 6.068624499999999630e-03
7.100579999999999927e+03 6.150943800000000135e-03
7.100819999999999709e+03 6.174508199999999628e-03
7.101050000000000182e+03 7.440620000000000220e-03
7.101289999999999964e+03 7.468843900000000056e-03
7.101529999999999745e+03 7.614376899999999830e-03
7.101770000000000437e+03 8.220961199999999788e-03
7.102000000000000000e+03 8.284361000000000502e-03
7.102239999999999782e+03 6.207509299999999612e-03
7.102479999999999563e+03 8.494871200000000261e-03
7.102720000000000255e+03 8.437636099999999695e-03
7.102949999999999818e+03 8.313146599999999761e-03
7.103189999999999600e+03 8.298273199999999308e-03
7.103430000000000291e+03 8.545188999999999910e-03
7.103670000000000073e+03 8.236211099999999827e-03
7.103909999999999854e+03 8.751344399999999579e-03
7.104140000000000327e+03 8.774024300000000595e-03
7.104380000000000109e+03 9.433350000000000068e-03
7.104619999999999891e+03 9.711667300000000752e-03
7.104859999999999673e+03 1.084420300000000018e-02
7.105090000000000146e+03 1.121231500000000048e-02
7.105329999999999927e+03 1.052674099999999918e-02
7.105569999999999709e+03 9.045453300000000710e-03
7.105810000000000400e+03 1.144631299999999963e-02
7.106050000000000182e+03 1.104304799999999975e-02
7.106279999999999745e+03 1.025227100000000030e-02
7.106520000000000437e+03 1.284106100000000084e-02
7.106760000000000218e+03 1.301795600000000067e-02
7.107000000000000000e+03 1.151836900000000052e-02
7.107229999999999563e+03 1.256095299999999970e-02
7.107470000000000255e+03 1.287973100000000017e-02
7.107710000000000036e+03 1.361559099999999981e-02
7.107949999999999818e+03 1.547410700000000083e-02
7.108189999999999600e+03 1.545591099999999926e-02
7.108420000000000073e+03 1.433700299999999921e-02
7.108659999999999854e+03 1.536931199999999956e-02
7.108899999999999636e+03 1.676921500000000051e-02
7.109140000000000327e+03 1.749792099999999961e-02
7.109380000000000109e+03 1.915675000000000017e-02
7.109609999999999673e+03 1.935456500000000066e-02
7.109850000000000364e+03 2.017540799999999884e-02
7.110090000000000146e+03 2.197181000000000134e-02
7.110329999999999927e+03 2.374776699999999949e-02
7.110569999999999709e+03 2.579820199999999925e-02
7.110810000000000400e+03 2.858340700000000165e-02
7.111039999999999964e+03 3.259199100000000071e-02
7.111279999999999745e+03 3.766732700000000045e-02
7.111520000000000437e+03 4.189546899999999768e-02
7.111760000000000218e+03 4.499807000000000112e-02
7.112000000000000000e+03 4.971246399999999788e-02
7.112229999999999563e+03 5.612769900000000312e-02
7.112470000000000255e+03 6.119588499999999848e-02
7.112710000000000036e+03 6.755285299999999604e-02
7.112949999999999818e+03 7.401604000000000516e-02
7.113189999999999600e+03 7.926555999999999880e-02
7.113430000000000291e+03 8.488350100000000009e-02
7.113659999999999854e+03 8.668388000000000482e-02
7.113899999999999636e+03 8.752902599999999589e-02
7.114140000000000327e+03 8.618268499999999499e-02
7.114380000000000109e+03 8.303888500000000672e-02
7.114619999999999891e+03 8.062625800000000620e-02
7.114859999999999673e+03 7.626028299999999815e-02
7.115100000000000364e+03 7.465828300000000584e-02
7.115329999999999927e+03 7.383887799999999668e-02
7.115569999999999709e+03 7.319687699999999353e-02
7.115810000000000400e+03 7.441217099999999918e-02
7.116050000000000182e+03 7.758960700000000488e-02
7.116289999999999964e+03 8.161107900000000304e-02
7.116529999999999745e+03 8.549568400000000234e-02
7.116770000000000437e+03 9.083118299999999590e-02
7.117000000000000000e+03 9.838733400000000684e-02
7.117239999999999782e+03 1.085716199999999937e-01
7.117479999999999563e+03 1.191437899999999994e-01
7.117720000000000255e+03 1.309604400000000113e-01
7.117960000000000036e+03 1.425912400000000080e-01
7.118199999999999818e+03 1.572267300000000090e-01
7.118439999999999600e+03 1.730176099999999884e-01
7.118670000000000073e+03 1.915959299999999976e-01
7.118909999999999854e+03 2.137129100000000059e-01
7.119149999999999636e+03 2.348487499999999950e-01
7.119390000000000327e+03 2.606529399999999996e-01
7.119630000000000109e+03 2.887468000000000257e-01
7.119869999999999891e+03 3.183642899999999942e-01
7.120109999999999673e+03 3.489600400000000269e-01
7.120350000000000364e+03 3.816755600000000248e-01
7.120579999999999927e+03 4.127580200000000032e-01
7.120819999999999709e+03 4.455492500000000078e-01
7.121060000000000400e+03 4.753395300000000101e-01
7.121300000000000182e+03 5.030954199999999599e-01
7.121539999999999964e+03 5.286834099999999648e-01
7.121779999999999745e+03 5.541107699999999747e-01
7.122020000000000437e+03 5.786911399999999928e-01
7.122260000000000218e+03 6.013144700000000453e-01
7.122500000000000000e+03 6.254444700000000301e-01
7.122739999999999782e+03 6.478153300000000225e-01
7.122970000000000255e+03 6.741047900000000093e-01
7.123210000000000036e+03 7.003478600000000442e-01
7.123449999999999818e+03 7.296733699999999878e-01
7.123689999999999600e+03 7.590745300000000251e-01
7.123930000000000291e+03 7.887655799999999662e-01
7.124170000000000073e+03 8.191258999999999624e-01
7.124409999999999854e+03 8.481641899999999845e-01
7.124649999999999636e+03 8.746962900000000429e-01
7.124890000000000327e+03 9.006160500000000013e-01
7.125130000000000109e+03 9.270118400000000314e-01
7.125369999999999891e+03 9.512700600000000284e-01
7.125600000000000364e+03 9.718335999999999641e-01
7.125840000000000146e+03 9.916343100000000188e-01
7.126079999999999927e+03 1.008029499999999912e+00
7.126319999999999709e+03 1.024752099999999944e+00
7.126560000000000400e+03 1.038892099999999985e+00
7.126800000000000182e+03 1.052406299999999906e+00
7.127039999999999964e+03 1.066053899999999999e+00
7.127279999999999745e+03 1.080233299999999952e+00
7.127520000000000437e+03 1.094016199999999994e+00
7.127760000000000218e+03 1.108419899999999902e+00
7.128000000000000000e+03 1.126096100000000044e+00
7.128239999999999782e+03 1.143613599999999897e+00
7.128479999999999563e+03 1.163271799999999967e+00
7.128720000000000255e+03 1.185389599999999932e+00
7.128960000000000036e+03 1.208258400000000066e+00
7.129189999999999600e+03 1.226201099999999933e+00
7.129430000000000291e+03 1.248968999999999996e+00
7.129670000000000073e+03 1.269386700000000090e+00
7.129909999999999854e+03 1.285974500000000020e+00
7.130149999999999636e+03 1.300295200000000095e+00
7.130390000000000327e+03 1.312466499999999980e+00
7.130630000000000109e+03 1.320101100000000027e+00
7.130869999999999891e+03 1.324350899999999998e+00
7.131109999999999673e+03 1.324308899999999900e+00
7.131350000000000364e+03 1.322827500000000045e+00
7.131590000000000146e+03 1.316826999999999970e+00
7.131829999999999927e+03 1.310477799999999915e+00
7.132069999999999709e+03 1.302228200000000058e+00
7.132310000000000400e+03 1.291366199999999909e+00
7.132550000000000182e+03 1.280023700000000098e+00
7.132789999999999964e+03 1.265074500000000102e+00
7.133029999999999745e+03 1.252546399999999949e+00
7.133270000000000437e+03 1.238204199999999977e+00
7.133510000000000218e+03 1.225524099999999894e+00
7.133750000000000000e+03 1.213235599999999970e+00
7.133989999999999782e+03 1.200176899999999991e+00
7.134229999999999563e+03 1.187397599999999942e+00
7.134470000000000255e+03 1.176622599999999963e+00
7.134710000000000036e+03 1.168020199999999953e+00
7.134949999999999818e+03 1.157774499999999929e+00
7.135189999999999600e+03 1.149197699999999989e+00
7.135430000000000291e+03 1.142887299999999939e+00
7.135670000000000073e+03 1.135821200000000086e+00
7.135909999999999854e+03 1.130403999999999964e+00
7.136149999999999636e+03 1.125468099999999971e+00
7.136390000000000327e+03 1.119722099999999942e+00
7.136630000000000109e+03 1.112999099999999908e+00
7.136869999999999891e+03 1.107599699999999965e+00
7.137109999999999673e+03 1.105188999999999977e+00
7.137350000000000364e+03 1.102611999999999925e+00
7.137590000000000146e+03 1.096840899999999897e+00
7.137829999999999927e+03 1.093762399999999912e+00
7.138069999999999709e+03 1.089098499999999969e+00
7.138310000000000400e+03 1.085102400000000022e+00
7.138550000000000182e+03 1.079669599999999896e+00
7.138789999999999964e+03 1.075040299999999949e+00
7.139029999999999745e+03 1.072686400000000040e+00
7.139270000000000437e+03 1.068231699999999895e+00
7.139510000000000218e+03 1.064282500000000020e+00
7.139750000000000000e+03 1.062561599999999995e+00
7.139989999999999782e+03 1.058024099999999912e+00
7.140229999999999563e+03 1.054472999999999994e+00
7.140470000000000255e+03 1.052730200000000060e+00
7.140710000000000036e+03 1.050849600000000050e+00
7.140949999999999818e+03 1.049251500000000004e+00
7.141189999999999600e+03 1.047703400000000062e+00
7.141430000000000291e+03 1.046381000000000006e+00
7.141670000000000073e+03 1.045395999999999992e+00
7.141909999999999854e+03 1.043963100000000033e+00
7.142149999999999636e+03 1.043129399999999984e+00
7.142390000000000327e+03 1.041989300000000007e+00
7.142630000000000109e+03 1.041864899999999983e+00
7.142869999999999891e+03 1.044314600000000093e+00
7.143109999999999673e+03 1.044008999999999965e+00
7.143350000000000364e+03 1.045377299999999954e+00
7.143590000000000146e+03 1.044519399999999987e+00
7.143829999999999927e+03 1.045165600000000028e+00
7.144069999999999709e+03 1.043412500000000076e+00
7.144310000000000400e+03 1.044240899999999916e+00
7.144550000000000182e+03 1.042604499999999934e+00
7.144800000000000182e+03 1.044912599999999969e+00
7.145039999999999964e+03 1.043861900000000009e+00
7.145279999999999745e+03 1.042095100000000052e+00
7.145520000000000437e+03 1.038968399999999903e+00
7.145760000000000218e+03 1.038047399999999953e+00
7.146000000000000000e+03 1.036261899999999958e+00
7.146239999999999782e+03 1.033657899999999907e+00
7.146479999999999563e+03 1.029716400000000087e+00
7.146720000000000255e+03 1.028778600000000099e+00
7.146960000000000036e+03 1.025311599999999990e+00
7.147199999999999818e+03 1.020762100000000006e+00
7.147439999999999600e+03 1.016524399999999995e+00
7.147680000000000291e+03 1.011914699999999945e+00
7.147920000000000073e+03 1.006402199999999914e+00
7.148159999999999854e+03 1.001781599999999939e+00
7.148409999999999854e+03 9.952963999999999700e-01
7.148649999999999636e+03 9.905218099999999470e-01
7.148890000000000327e+03 9.841982999999999704e-01
7.149130000000000109e+03 9.793435600000000019e-01
7.149369999999999891e+03 9.725118400000000163e-01
7.149609999999999673e+03 9.675798199999999794e-01
7.149850000000000364e+03 9.622859599999999958e-01
7.150090000000000146e+03 9.571825299999999759e-01
7.150329999999999927e+03 9.521446000000000076e-01
7.150569999999999709e+03 9.457303299999999524e-01
7.150810000000000400e+03 9.431617199999999812e-01
7.151060000000000400e+03 9.388449100000000325e-01
7.151300000000000182e+03 9.350549500000000513e-01
7.151539999999999964e+03 9.304811899999999580e-01
7.151779999999999745e+03 9.261718199999999790e-01
7.152020000000000437e+03 9.232374300000000256e-01
7.152260000000000218e+03 9.209808299999999726e-01
7.152500000000000000e+03 9.186057800000000384e-01
7.152739999999999782e+03 9.138524599999999776e-01
7.152979999999999563e+03 9.120323399999999969e-01
7.153220000000000255e+03 9.111823999999999479e-01
7.153470000000000255e+03 9.075439800000000279e-01
7.153710000000000036e+03 9.043487399999999843e-01
7.153949999999999818e+03 9.025838499999999653e-01
7.154189999999999600e+03 8.995986400000000049e-01
7.154430000000000291e+03 8.978247799999999890e-01
7.154670000000000073e+03 8.972166700000000494e-01
7.154909999999999854e+03 8.941026899999999777e-01
7.155149999999999636e+03 8.924257300000000281e-01
7.155399999999999636e+03 8.920297999999999838e-01
7.155640000000000327e+03 8.885949100000000156e-01
7.155880000000000109e+03 8.876912999999999609e-01
7.156119999999999891e+03 8.863896599999999681e-01
7.156359999999999673e+03 8.838241999999999488e-01
7.156600000000000364e+03 8.842209899999999845e-01
7.156840000000000146e+03 8.810117299999999929e-01
7.157090000000000146e+03 8.799542399999999986e-01
7.157329999999999927e+03 8.780964799999999570e-01
7.157569999999999709e+03 8.775429099999999538e-01
7.157810000000000400e+03 8.777861999999999609e-01
7.158050000000000182e+03 8.779861500000000207e-01
7.158289999999999964e+03 8.750980999999999899e-01
7.158529999999999745e+03 8.754819000000000351e-01
7.158779999999999745e+03 8.750459400000000221e-01
7.159020000000000437e+03 8.749013100000000431e-01
7.159260000000000218e+03 8.750153099999999906e-01
7.159500000000000000e+03 8.743621299999999597e-01
7.159739999999999782e+03 8.756352600000000264e-01
7.159979999999999563e+03 8.767822699999999747e-01
7.160229999999999563e+03 8.761736900000000050e-01
7.160470000000000255e+03 8.761067200000000055e-01
7.160710000000000036e+03 8.774528299999999614e-01
7.160949999999999818e+03 8.773022900000000401e-01
7.161189999999999600e+03 8.776064900000000168e-01
7.161430000000000291e+03 8.787076900000000412e-01
7.161680000000000291e+03 8.804255699999999907e-01
7.161920000000000073e+03 8.818861700000000248e-01
7.162159999999999854e+03 8.822620899999999988e-01
7.162399999999999636e+03 8.840447399999999956e-01
7.162640000000000327e+03 8.849187200000000475e-01
7.162880000000000109e+03 8.859533099999999939e-01
7.163130000000000109e+03 8.876249400000000289e-01
7.163369999999999891e+03 8.900367200000000034e-01
7.163609999999999673e+03 8.918015700000000434e-01
7.163850000000000364e+03 8.924158899999999894e-01
7.164090000000000146e+03 8.936104999999999743e-01
7.164340000000000146e+03 8.957265399999999600e-01
7.164579999999999927e+03 8.976708399999999699e-01
7.164819999999999709e+03 8.987994900000000342e-01
7.165060000000000400e+03 9.004535399999999967e-01
7.165300000000000182e+03 9.036714799999999714e-01
7.165550000000000182e+03 9.045627499999999710e-01
7.165789999999999964e+03 9.074533900000000264e-01
7.166029999999999745e+03 9.091056100000000084e-01
7.166270000000000437e+03 9.110499199999999576e-01
7.166510000000000218e+03 9.111780000000000435e-01
7.166760000000000218e+03 9.129463399999999673e-01
7.167000000000000000e+03 9.162510000000000376e-01
7.167239999999999782e+03 9.170298000000000060e-01
7.167479999999999563e+03 9.183145200000000230e-01
7.167720000000000255e+03 9.212708600000000247e-01
7.167970000000000255e+03 9.249022300000000474e-01
7.168210000000000036e+03 9.254311800000000199e-01
7.168449999999999818e+03 9.277576699999999787e-01
7.168689999999999600e+03 9.308356399999999642e-01
7.168939999999999600e+03 9.315722600000000408e-01
7.169180000000000291e+03 9.336036100000000282e-01
7.169420000000000073e+03 9.367603199999999797e-01
7.169659999999999854e+03 9.375174099999999955e-01
7.169899999999999636e+03 9.411731300000000244e-01
7.170149999999999636e+03 9.430415500000000062e-01
7.170390000000000327e+03 9.450511600000000012e-01
7.170630000000000109e+03 9.472183800000000264e-01
7.170869999999999891e+03 9.502659500000000259e-01
7.171119999999999891e+03 9.533458599999999894e-01
7.171359999999999673e+03 9.547446499999999725e-01
7.171600000000000364e+03 9.562485899999999539e-01
7.171840000000000146e+03 9.590288700000000333e-01
7.172090000000000146e+03 9.605449799999999927e-01
7.172329999999999927e+03 9.652973599999999932e-01
7.172569999999999709e+03 9.672268400000000321e-01
7.172810000000000400e+03 9.695145299999999855e-01
7.173060000000000400e+03 9.713472600000000456e-01
7.173300000000000182e+03 9.728575200000000311e-01
7.173539999999999964e+03 9.744729500000000044e-01
7.173779999999999745e+03 9.748954100000000178e-01
7.174029999999999745e+03 9.785806200000000121e-01
7.174270000000000437e+03 9.814782399999999463e-01
7.174510000000000218e+03 9.828444400000000414e-01
7.174750000000000000e+03 9.841817400000000271e-01
7.175000000000000000e+03 9.871829800000000432e-01
7.175239999999999782e+03 9.871217199999999803e-01
7.175479999999999563e+03 9.882327899999999721e-01
7.175720000000000255e+03 9.911165100000000061e-01
7.175970000000000255e+03 9.934338700000000522e-01
7.176210000000000036e+03 9.949898799999999932e-01
7.176449999999999818e+03 9.964536699999999581e-01
7.176699999999999818e+03 9.973304699999999690e-01
7.176939999999999600e+03 9.970761000000000207e-01
7.177180000000000291e+03 9.988580299999999523e-01
7.177420000000000073e+03 1.000740600000000091e+00
7.177670000000000073e+03 1.005174900000000093e+00
7.177909999999999854e+03 1.004707299999999970e+00
7.178149999999999636e+03 1.005505799999999894e+00
7.178399999999999636e+03 1.007016799999999934e+00
7.178640000000000327e+03 1.007295300000000005e+00
7.178880000000000109e+03 1.007482400000000000e+00
7.179119999999999891e+03 1.010123799999999905e+00
7.179369999999999891e+03 1.011565700000000012e+00
7.179609999999999673e+03 1.013784900000000100e+00
7.179850000000000364e+03 1.016294699999999995e+00
7.180100000000000364e+03 1.017607099999999987e+00
7.180340000000000146e+03 1.017666799999999983e+00
7.180579999999999927e+03 1.019942399999999916e+00
7.180829999999999927e+03 1.019821599999999995e+00
7.181069999999999709e+03 1.021331400000000000e+00
7.181310000000000400e+03 1.024581200000000081e+00
7.181560000000000400e+03 1.024898599999999993e+00
7.181800000000000182e+03 1.025844600000000106e+00
7.182039999999999964e+03 1.027904099999999987e+00
7.182279999999999745e+03 1.028711099999999989e+00
7.182529999999999745e+03 1.029575700000000094e+00
7.182770000000000437e+03 1.029324600000000034e+00
7.183010000000000218e+03 1.029681700000000033e+00
7.183260000000000218e+03 1.031326600000000093e+00
7.183500000000000000e+03 1.031698699999999969e+00
7.183739999999999782e+03 1.033110200000000090e+00
7.183989999999999782e+03 1.033657100000000106e+00
7.184229999999999563e+03 1.035180599999999895e+00
7.184470000000000255e+03 1.032918100000000061e+00
7.184720000000000255e+03 1.033930199999999910e+00
7.184960000000000036e+03 1.032698499999999964e+00
7.185199999999999818e+03 1.033184199999999997e+00
7.185449999999999818e+03 1.034051700000000018e+00
7.185689999999999600e+03 1.034738099999999994e+00
7.185930000000000291e+03 1.036588499999999913e+00
7.186180000000000291e+03 1.035303199999999979e+00
7.186420000000000073e+03 1.033867400000000103e+00
7.186670000000000073e+03 1.034024199999999949e+00
7.186909999999999854e+03 1.034732800000000008e+00
7.187149999999999636e+03 1.034516699999999956e+00
7.187399999999999636e+03 1.033165300000000064e+00
7.187640000000000327e+03 1.033672499999999994e+00
7.187880000000000109e+03 1.035482699999999978e+00
7.188130000000000109e+03 1.033380699999999930e+00
7.188369999999999891e+03 1.032686900000000074e+00
7.188609999999999673e+03 1.032539799999999897e+00
7.188859999999999673e+03 1.032405400000000029e+00
7.189100000000000364e+03 1.031878499999999921e+00
7.189340000000000146e+03 1.032613299999999956e+00
7.189590000000000146e+03 1.030812099999999898e+00
7.189829999999999927e+03 1.031763299999999939e+00
7.190079999999999927e+03 1.032224800000000053e+00
7.190319999999999709e+03 1.030819399999999941e+00
7.190560000000000400e+03 1.030444600000000044e+00
7.190810000000000400e+03 1.029749199999999920e+00
7.191050000000000182e+03 1.028365600000000102e+00
7.191289999999999964e+03 1.029919299999999982e+00
7.191539999999999964e+03 1.028158300000000080e+00
7.191779999999999745e+03 1.027981800000000057e+00
7.192029999999999745e+03 1.027855299999999916e+00
7.192270000000000437e+03 1.026976499999999959e+00
7.192510000000000218e+03 1.026954300000000098e+00
7.192760000000000218e+03 1.026275899999999908e+00
7.193000000000000000e+03 1.027034900000000084e+00
7.193250000000000000e+03 1.024691699999999983e+00
7.193489999999999782e+03 1.023598299999999961e+00
7.193729999999999563e+03 1.024969699999999984e+00
7.193979999999999563e+03 1.022916200000000053e+00
7.194220000000000255e+03 1.022749700000000095e+00
7.194470000000000255e+03 1.021145100000000028e+00
7.194710000000000036e+03 1.020460200000000039e+00
7.194949999999999818e+03 1.020754200000000056e+00
7.195199999999999818e+03 1.018613999999999908e+00
7.195439999999999600e+03 1.019214499999999912e+00
7.195689999999999600e+03 1.019723200000000052e+00
7.195930000000000291e+03 1.018654200000000065e+00
7.196170000000000073e+03 1.017267099999999980e+00
7.196420000000000073e+03 1.017716300000000018e+00
7.196659999999999854e+03 1.015093400000000035e+00
7.196909999999999854e+03 1.013668999999999931e+00
7.197149999999999636e+03 1.013681499999999902e+00
7.197399999999999636e+03 1.013498000000000010e+00
7.197640000000000327e+03 1.011848400000000092e+00
7.197880000000000109e+03 1.011652299999999949e+00
7.198130000000000109e+03 1.010717499999999935e+00
7.198369999999999891e+03 1.009977499999999973e+00
7.198619999999999891e+03 1.008582700000000054e+00
7.198859999999999673e+03 1.009485200000000082e+00
7.199109999999999673e+03 1.008659299999999925e+00
7.199350000000000364e+03 1.007779699999999945e+00
7.199590000000000146e+03 1.005516700000000041e+00
7.199840000000000146e+03 1.005799300000000063e+00
7.200079999999999927e+03 1.004684799999999933e+00
7.200329999999999927e+03 1.003730599999999917e+00
7.200569999999999709e+03 1.003180500000000031e+00
7.200819999999999709e+03 1.001444100000000059e+00
7.201060000000000400e+03 1.001171599999999939e+00
7.201310000000000400e+03 1.001176700000000030e+00
7.201550000000000182e+03 9.979716499999999879e-01
7.201800000000000182e+03 9.988755799999999851e-01
7.202039999999999964e+03 9.994184600000000085e-01
7.202279999999999745e+03 9.973030600000000190e-01
7.202529999999999745e+03 9.959586299999999559e-01
7.202770000000000437e+03 9.958763600000000160e-01
7.203020000000000437e+03 9.930590700000000437e-01
7.203260000000000218e+03 9.935717299999999863e-01
7.203510000000000218e+03 9.920887699999999532e-01
7.203750000000000000e+03 9.906190900000000354e-01
7.204000000000000000e+03 9.901825499999999947e-01
7.204239999999999782e+03 9.891967400000000188e-01
7.204489999999999782e+03 9.900817899999999616e-01
7.204729999999999563e+03 9.893430100000000227e-01
7.204979999999999563e+03 9.862665000000000459e-01
7.205220000000000255e+03 9.851404000000000272e-01
7.205470000000000255e+03 9.847085500000000158e-01
7.205710000000000036e+03 9.832922299999999893e-01
7.205960000000000036e+03 9.834085000000000187e-01
7.206199999999999818e+03 9.832268199999999458e-01
7.206449999999999818e+03 9.819138200000000483e-01
7.206689999999999600e+03 9.821314500000000169e-01
7.206939999999999600e+03 9.826563099999999773e-01
7.207180000000000291e+03 9.806613899999999662e-01
7.207420000000000073e+03 9.805817599999999690e-01
7.207670000000000073e+03 9.794337899999999708e-01
7.207909999999999854e+03 9.792497000000000007e-01
7.208159999999999854e+03 9.781475200000000481e-01
7.208399999999999636e+03 9.777468299999999557e-01
7.208649999999999636e+03 9.791019899999999776e-01
7.208899999999999636e+03 9.790550199999999981e-01
7.209140000000000327e+03 9.778679300000000518e-01
7.209390000000000327e+03 9.759265499999999482e-01
7.209630000000000109e+03 9.770435600000000331e-01
7.209880000000000109e+03 9.774227300000000174e-01
7.210119999999999891e+03 9.772374400000000128e-01
7.210369999999999891e+03 9.776544200000000240e-01
7.210609999999999673e+03 9.777843999999999980e-01
7.210859999999999673e+03 9.763695100000000515e-01
7.211100000000000364e+03 9.758963899999999470e-01
7.211350000000000364e+03 9.763385500000000272e-01
7.211590000000000146e+03 9.766515700000000244e-01
7.211840000000000146e+03 9.775155399999999606e-01
7.212079999999999927e+03 9.774833099999999941e-01
7.212329999999999927e+03 9.787154000000000131e-01
7.212569999999999709e+03 9.781609100000000501e-01
7.212819999999999709e+03 9.778891800000000245e-01
7.213060000000000400e+03 9.786425800000000397e-01
7.213310000000000400e+03 9.771138099999999715e-01
7.213550000000000182e+03 9.802400399999999792e-01
7.213800000000000182e+03 9.803540600000000271e-01
7.214050000000000182e+03 9.799691999999999847e-01
7.214289999999999964e+03 9.791729300000000524e-01
7.214539999999999964e+03 9.788813800000000231e-01
7.214779999999999745e+03 9.802763799999999472e-01
7.215029999999999745e+03 9.824413100000000121e-01
7.215270000000000437e+03 9.826232200000000194e-01
7.215520000000000437e+03 9.845399099999999626e-01
7.215760000000000218e+03 9.838244800000000012e-01
7.216010000000000218e+03 9.840943699999999961e-01
7.216260000000000218e+03 9.827276400000000134e-01
7.216500000000000000e+03 9.837864600000000292e-01
7.216750000000000000e+03 9.845611800000000358e-01
7.216989999999999782e+03 9.851935000000000553e-01
7.217239999999999782e+03 9.862045400000000184e-01
7.217479999999999563e+03 9.873089900000000529e-01
7.217729999999999563e+03 9.869768500000000166e-01
7.217970000000000255e+03 9.865691300000000163e-01
7.218220000000000255e+03 9.871074499999999974e-01
7.218470000000000255e+03 9.871089499999999850e-01
7.218710000000000036e+03 9.881251500000000076e-01
7.218960000000000036e+03 9.901168200000000086e-01
7.219199999999999818e+03 9.911535900000000288e-01
7.219449999999999818e+03 9.896793900000000477e-01
7.219699999999999818e+03 9.904942300000000310e-01
7.219939999999999600e+03 9.925356199999999518e-01
7.220189999999999600e+03 9.931718699999999567e-01
7.220430000000000291e+03 9.922717100000000290e-01
7.220680000000000291e+03 9.926374300000000428e-01
7.220920000000000073e+03 9.942076300000000089e-01
7.221170000000000073e+03 9.926057299999999639e-01
7.221420000000000073e+03 9.928876100000000315e-01
7.221659999999999854e+03 9.942187999999999581e-01
7.221909999999999854e+03 9.949349899999999636e-01
7.222149999999999636e+03 9.955129900000000420e-01
7.222399999999999636e+03 9.942118500000000081e-01
7.222649999999999636e+03 9.959057900000000130e-01
7.222890000000000327e+03 9.954456099999999807e-01
7.223140000000000327e+03 9.979520699999999689e-01
7.223380000000000109e+03 9.987336100000000494e-01
7.223630000000000109e+03 9.980979199999999718e-01
7.223880000000000109e+03 9.983139800000000452e-01
7.224119999999999891e+03 9.988945599999999869e-01
7.224369999999999891e+03 9.997588499999999767e-01
7.224619999999999891e+03 9.981608699999999779e-01
7.224859999999999673e+03 9.987647600000000292e-01
7.225109999999999673e+03 1.000578299999999921e+00
7.225350000000000364e+03 1.000478299999999932e+00
7.225600000000000364e+03 1.000301499999999955e+00
7.225850000000000364e+03 9.994414799999999932e-01
7.226090000000000146e+03 9.991077900000000511e-01
7.226340000000000146e+03 9.997485400000000189e-01
7.226590000000000146e+03 1.000622399999999912e+00
7.226829999999999927e+03 9.985058300000000386e-01
7.227079999999999927e+03 9.999287599999999721e-01
7.227319999999999709e+03 1.000689600000000068e+00
7.227569999999999709e+03 9.993238199999999738e-01
7.227819999999999709e+03 9.999171100000000534e-01
7.228060000000000400e+03 1.000289699999999948e+00
7.228310000000000400e+03 9.993298099999999851e-01
7.228560000000000400e+03 9.987639099999999770e-01
7.228800000000000182e+03 9.976721499999999798e-01
7.229050000000000182e+03 9.993498299999999945e-01
7.229300000000000182e+03 9.985743599999999942e-01
7.229539999999999964e+03 9.977247799999999778e-01
7.229789999999999964e+03 9.983895299999999695e-01
7.230039999999999964e+03 9.971009800000000256e-01
7.230279999999999745e+03 9.971700999999999482e-01
7.230529999999999745e+03 9.960818299999999459e-01
7.230779999999999745e+03 9.967313500000000159e-01
7.231020000000000437e+03 9.970493400000000062e-01
7.231270000000000437e+03 9.957863999999999605e-01
7.231520000000000437e+03 9.956315500000000318e-01
7.231760000000000218e+03 9.954933500000000546e-01
7.232010000000000218e+03 9.929360400000000197e-01
7.232260000000000218e+03 9.941362299999999541e-01
7.232500000000000000e+03 9.934781200000000201e-01
7.233489999999999782e+03 9.923554700000000173e-01
7.235710000000000036e+03 9.876780499999999741e-01
7.238060000000000400e+03 9.846152900000000319e-01
7.240279999999999745e+03 9.808017399999999775e-01
7.242630000000000109e+03 9.789233699999999594e-01
7.244989999999999782e+03 9.749959400000000054e-01
7.247340000000000146e+03 9.751720999999999862e-01
7.249689999999999600e+03 9.781185900000000100e-01
7.252050000000000182e+03 9.813107500000000094e-01
7.254409999999999854e+03 9.850753300000000268e-01
7.256890000000000327e+03 9.910887200000000341e-01
7.259380000000000109e+03 9.982884199999999542e-01
7.261859999999999673e+03 1.003275799999999940e+00
7.264350000000000364e+03 1.009327499999999933e+00
7.266840000000000146e+03 1.013138799999999895e+00
7.269340000000000146e+03 1.010698899999999956e+00
7.271960000000000036e+03 1.016567800000000021e+00
7.274449999999999818e+03 1.017661399999999938e+00
7.277079999999999927e+03 1.017417900000000097e+00
7.279699999999999818e+03 1.015372900000000023e+00
7.282329999999999927e+03 1.014212200000000008e+00
7.284960000000000036e+03 1.011040500000000009e+00
7.287710000000000036e+03 1.008668700000000085e+00
7.290350000000000364e+03 1.004288599999999976e+00
7.293109999999999673e+03 1.000673700000000110e+00
7.295869999999999891e+03 9.987345100000000198e-01
7.298640000000000327e+03 9.963225900000000079e-01
7.301399999999999636e+03 9.956171400000000116e-01
7.304170000000000073e+03 9.926909099999999819e-01
7.307069999999999709e+03 9.920209899999999914e-01
7.309840000000000146e+03 9.913953899999999875e-01
7.312750000000000000e+03 9.908542999999999656e-01
7.315649999999999636e+03 9.938336800000000526e-01
7.318560000000000400e+03 9.964249400000000367e-01
7.321470000000000255e+03 9.994873600000000469e-01
7.324380000000000109e+03 1.001786599999999972e+00
7.327420000000000073e+03 1.003755100000000011e+00
7.330340000000000146e+03 1.005284800000000089e+00
7.333380000000000109e+03 1.005111199999999982e+00
7.336430000000000291e+03 1.004905099999999996e+00
7.339479999999999563e+03 1.003341000000000038e+00
7.342539999999999964e+03 1.000886299999999896e+00
7.345590000000000146e+03 9.986412999999999540e-01
7.348779999999999745e+03 9.974818399999999530e-01
7.351840000000000146e+03 9.950365500000000196e-01
7.355039999999999964e+03 9.946267699999999934e-01
7.358229999999999563e+03 9.943336600000000081e-01
7.361430000000000291e+03 9.947560699999999922e-01
7.364630000000000109e+03 9.957374900000000029e-01
7.367829999999999927e+03 9.968944899999999665e-01
7.371170000000000073e+03 9.984231900000000159e-01
7.374380000000000109e+03 9.995347999999999455e-01
7.377720000000000255e+03 1.000459900000000069e+00
7.381069999999999709e+03 1.000999500000000042e+00
7.384409999999999854e+03 1.001072500000000032e+00
7.387760000000000218e+03 1.001610799999999912e+00
7.391119999999999891e+03 1.002367900000000089e+00
7.394479999999999563e+03 1.002788100000000071e+00
7.397970000000000255e+03 1.003818899999999958e+00
7.401329999999999927e+03 1.002673399999999937e+00
7.404829999999999927e+03 1.003641900000000087e+00
7.408329999999999927e+03 1.001795400000000003e+00
7.411829999999999927e+03 1.002287799999999951e+00
7.415340000000000146e+03 1.000720599999999960e+00
7.418979999999999563e+03 1.000731000000000037e+00
7.422489999999999782e+03 9.992151999999999701e-01
7.426140000000000327e+03 9.994599100000000069e-01
7.429659999999999854e+03 9.991200300000000478e-01
7.433310000000000400e+03 9.999455600000000111e-01
7.436970000000000255e+03 9.993384600000000395e-01
7.440630000000000109e+03 9.998242800000000097e-01
7.444300000000000182e+03 1.001307200000000064e+00
7.448100000000000364e+03 1.001446800000000081e+00
7.451770000000000437e+03 1.001840800000000087e+00
7.455579999999999927e+03 1.002977599999999914e+00
7.459270000000000437e+03 1.002972299999999928e+00
7.463079999999999927e+03 1.002348100000000075e+00
7.466899999999999636e+03 1.002019400000000005e+00
7.470729999999999563e+03 1.000412199999999974e+00
7.474560000000000400e+03 1.000708600000000059e+00
7.478520000000000437e+03 1.000628099999999909e+00
7.482359999999999673e+03 1.000250099999999920e+00
7.486329999999999927e+03 9.999026600000000542e-01
7.490310000000000400e+03 9.996480899999999892e-01
7.494159999999999854e+03 9.987144000000000021e-01
7.498149999999999636e+03 9.991346500000000130e-01
7.502140000000000327e+03 9.991282799999999797e-01
7.506270000000000437e+03 9.996591799999999806e-01
7.510270000000000437e+03 9.999781599999999493e-01
7.514279999999999745e+03 9.993093600000000354e-01
7.518420000000000073e+03 1.000091000000000063e+00
7.522569999999999709e+03 9.987936600000000276e-01
7.526720000000000255e+03 1.001691399999999899e+00
7.530739999999999782e+03 1.001200400000000101e+00
7.534899999999999636e+03 1.001120000000000010e+00
7.539199999999999818e+03 1.000935700000000095e+00
7.543380000000000109e+03 1.000663400000000092e+00
7.547550000000000182e+03 1.000825400000000087e+00
7.551869999999999891e+03 1.000701899999999922e+00
7.556050000000000182e+03 1.000401499999999944e+00
7.560380000000000109e+03 9.998783300000000374e-01
7.564710000000000036e+03 9.999208299999999827e-01
7.569050000000000182e+03 9.993051099999999964e-01
7.573390000000000327e+03 1.000482099999999930e+00
7.577739999999999782e+03 9.998442100000000110e-01
7.582220000000000255e+03 9.996719800000000156e-01
7.586579999999999927e+03 1.000106799999999962e+00
7.591079999999999927e+03 9.992709199999999514e-01
7.595449999999999818e+03 9.995437000000000349e-01
7.599960000000000036e+03 9.995590800000000442e-01
7.604470000000000255e+03 9.990393300000000032e-01
7.609000000000000000e+03 9.985405099999999923e-01
7.613520000000000437e+03 9.985524799999999646e-01
7.618050000000000182e+03 9.989873599999999909e-01
7.622729999999999563e+03 9.993503999999999721e-01
7.627270000000000437e+03 9.993913399999999614e-01
7.631960000000000036e+03 9.992315800000000081e-01
7.636510000000000218e+03 9.997152299999999547e-01
7.641210000000000036e+03 9.998513199999999879e-01
7.645920000000000073e+03 9.996262200000000098e-01
7.650630000000000109e+03 9.987602700000000056e-01
7.655350000000000364e+03 9.983561100000000188e-01
7.660069999999999709e+03 9.983113700000000312e-01
7.664800000000000182e+03 9.984413800000000450e-01
7.669670000000000073e+03 9.980681900000000217e-01
7.674409999999999854e+03 9.984914799999999868e-01
7.679300000000000182e+03 9.985184900000000363e-01
7.684050000000000182e+03 9.987794700000000025e-01
7.688949999999999818e+03 9.989069099999999812e-01
7.693859999999999673e+03 9.996437599999999923e-01
7.698770000000000437e+03 9.994968400000000530e-01
7.703689999999999600e+03 9.991165100000000132e-01
7.708619999999999891e+03 1.000657399999999919e+00
7.713689999999999600e+03 9.987403200000000147e-01
7.718630000000000109e+03 9.992561300000000202e-01
7.723720000000000255e+03 9.999270199999999997e-01
7.728670000000000073e+03 9.997474400000000427e-01
7.733770000000000437e+03 9.997290899999999869e-01
7.738880000000000109e+03 9.998061400000000098e-01
7.743850000000000364e+03 1.000228200000000012e+00
7.748970000000000255e+03 1.000103600000000093e+00
7.754239999999999782e+03 1.000747099999999890e+00
7.759380000000000109e+03 1.000173699999999943e+00
7.764520000000000437e+03 1.000599900000000098e+00
7.769670000000000073e+03 1.000491100000000078e+00
7.774970000000000255e+03 1.000877199999999911e+00
7.780130000000000109e+03 1.001952399999999965e+00
7.785449999999999818e+03 1.001313200000000014e+00
7.790770000000000437e+03 1.001399799999999951e+00
7.795960000000000036e+03 1.001595299999999966e+00
7.801289999999999964e+03 1.001439900000000049e+00
7.806640000000000327e+03 1.001365800000000084e+00
7.812140000000000327e+03 1.000698400000000099e+00
7.817500000000000000e+03 1.000747199999999948e+00
7.822859999999999673e+03 1.000062299999999960e+00
7.828239999999999782e+03 9.997644599999999659e-01
7.833770000000000437e+03 9.997298700000000204e-01
7.839159999999999854e+03 1.000411500000000009e+00
7.844699999999999818e+03 1.000237999999999960e+00
7.850260000000000218e+03 9.999117100000000091e-01
7.855670000000000073e+03 9.996206100000000205e-01
7.861239999999999782e+03 9.996874100000000540e-01
7.866819999999999709e+03 1.002024999999999944e+00
7.872399999999999636e+03 9.995797199999999494e-01
7.878140000000000327e+03 9.995527400000000506e-01
7.883739999999999782e+03 9.998106100000000440e-01
7.889359999999999673e+03 1.000010000000000066e+00
7.894970000000000255e+03 1.000588000000000033e+00
7.900750000000000000e+03 9.994220200000000220e-01
7.906380000000000109e+03 9.992211800000000421e-01
7.912180000000000291e+03 9.990286099999999836e-01
