energy intensity
6.862884000000000015e+03 4.797545000000000281e-03
6.872854000000000269e+03 2.770058099999999843e-02
6.882844000000000051e+03 1.841628299999999857e-02
6.892873999999999796e+03 1.819755400000000120e-02
6.902934000000000196e+03 1.224683600000000053e-02
6.912913999999999760e+03 1.203138899999999997e-02
6.922913999999999760e+03 8.812417399999999609e-03
6.932844000000000051e+03 6.333374499999999858e-03
6.942904000000000451e+03 4.075743300000000263e-03
6.952894000000000233e+03 2.061758900000000214e-03
6.962904000000000451e+03 -1.516959200000000084e-03
6.972953999999999724e+03 -9.721767999999999989e-04
6.982913999999999760e+03 2.384121499999999904e-04
6.992894000000000233e+03 -4.051273600000000405e-03
7.002913999999999760e+03 -2.538230199999999895e-03
7.012854000000000269e+03 -3.183454699999999863e-03
7.022934000000000196e+03 -2.687711399999999883e-03
7.032923999999999978e+03 -4.253544500000000332e-03
7.042944000000000415e+03 -3.603715999999999864e-03
7.052884000000000015e+03 -3.279769699999999892e-03
7.062844000000000051e+03 -2.317483799999999795e-03
7.063904000000000451e+03 1.624811999999999920e-05
7.064144000000000233e+03 -1.643445899999999979e-03
7.064373999999999796e+03 -1.592872200000000019e-03
7.064604000000000269e+03 -3.722051899999999965e-03
7.064844000000000051e+03 -2.341261299999999965e-03
7.065073999999999614e+03 -3.287771300000000198e-03
7.065314000000000306e+03 -2.952800199999999851e-03
7.065543999999999869e+03 -3.730179299999999802e-03
7.065783999999999651e+03 -2.291520200000000083e-03
7.066014000000000124e+03 -2.297394700000000151e-03
7.066253999999999905e+03 -3.625173700000000002e-03
7.066484000000000378e+03 -9.627157100000000370e-04
7.066724000000000160e+03 -2.126625400000000179e-03
7.066963999999999942e+03 1.037385899999999916e-03
7.067194000000000415e+03 -9.097720799999999951e-04
7.067434000000000196e+03 -2.723208700000000204e-03
7.067663999999999760e+03 -4.535770399999999869e-04
7.067904000000000451e+03 -8.231078600000000384e-04
7.068134000000000015e+03 -2.091910700000000015e-03
7.068373999999999796e+03 -1.404458300000000024e-03
7.068604000000000269e+03 -1.904229500000000075e-03
7.068844000000000051e+03 -2.803043099999999888e-03
7.069073999999999614e+03 -1.594176699999999905e-03
7.069314000000000306e+03 -3.625734400000000168e-04
7.069543999999999869e+03 -2.138131100000000180e-03
7.069783999999999651e+03 -2.295714899999999788e-03
7.070014000000000124e+03 -4.201024499999999988e-03
7.070253999999999905e+03 -2.879443199999999828e-03
7.070484000000000378e+03 -7.216781000000000454e-04
7.070724000000000160e+03 -1.857584399999999934e-03
7.070953999999999724e+03 -1.415823400000000001e-03
7.071194000000000415e+03 -9.948964799999999217e-04
7.071423999999999978e+03 -1.012262099999999918e-03
7.071663999999999760e+03 -9.737385299999999763e-04
7.071904000000000451e+03 -3.274130499999999833e-03
7.072134000000000015e+03 -2.719277699999999784e-03
7.072373999999999796e+03 -1.771629999999999950e-03
7.072604000000000269e+03 -2.841591799999999921e-03
7.072844000000000051e+03 -1.992257299999999876e-04
7.073073999999999614e+03 -2.205621200000000017e-05
7.073314000000000306e+03 -1.505832199999999985e-03
7.073543999999999869e+03 -6.058133299999999503e-04
7.073783999999999651e+03 -3.237727000000000140e-03
7.074024000000000342e+03 -1.758372999999999924e-03
7.074253999999999905e+03 -1.538889000000000099e-03
7.074493999999999687e+03 -2.826827499999999809e-03
7.074724000000000160e+03 -1.630775799999999946e-03
7.074963999999999942e+03 -1.681419599999999957e-03
7.075194000000000415e+03 -3.379253000000000031e-03
7.075434000000000196e+03 -1.595960200000000068e-03
7.075663999999999760e+03 1.681284699999999925e-04
7.075904000000000451e+03 -1.191386700000000029e-03
7.076144000000000233e+03 -2.084375199999999925e-03
7.076373999999999796e+03 -1.170839199999999976e-03
7.076613999999999578e+03 -1.077777299999999917e-03
7.076844000000000051e+03 -3.655441999999999958e-04
7.077083999999999833e+03 -8.713179399999999636e-04
7.077323999999999614e+03 -1.113587500000000037e-03
7.077554000000000087e+03 -2.762845999999999792e-03
7.077793999999999869e+03 -2.970402400000000161e-03
7.078024000000000342e+03 -1.014325400000000085e-03
7.078264000000000124e+03 -2.142274600000000206e-03
7.078493999999999687e+03 -2.943965699999999907e-04
7.078734000000000378e+03 -2.003391199999999834e-03
7.078974000000000160e+03 -1.891141399999999965e-03
7.079203999999999724e+03 -1.041251300000000084e-03
7.079444000000000415e+03 -5.234897500000000137e-05
7.079673999999999978e+03 -1.039723300000000095e-03
7.079913999999999760e+03 -2.507489099999999933e-03
7.080154000000000451e+03 -1.448582199999999976e-03
7.080384000000000015e+03 -1.822695100000000078e-03
7.080623999999999796e+03 -1.092099899999999894e-03
7.080854000000000269e+03 -2.916980400000000143e-04
7.081094000000000051e+03 7.690559800000000296e-04
7.081333999999999833e+03 -7.586743700000000198e-04
7.081564000000000306e+03 -1.878766200000000098e-03
7.081804000000000087e+03 -1.556810000000000051e-03
7.082033999999999651e+03 -4.664942099999999973e-04
7.082274000000000342e+03 -1.682911299999999928e-03
7.082514000000000124e+03 -6.093279400000000410e-04
7.082743999999999687e+03 -8.121521399999999955e-04
7.082984000000000378e+03 1.028473900000000107e-03
7.083224000000000160e+03 -8.139740199999999978e-04
7.083453999999999724e+03 -7.044374400000000085e-04
7.083694000000000415e+03 7.548310499999999869e-04
7.083923999999999978e+03 6.049292199999999829e-05
7.084163999999999760e+03 -6.045173800000000529e-04
7.084404000000000451e+03 -1.128300500000000003e-03
7.084634000000000015e+03 -5.949441300000000510e-04
7.084873999999999796e+03 -1.145707500000000103e-03
7.085113999999999578e+03 -2.927667299999999785e-04
7.085344000000000051e+03 -1.656605999999999921e-03
7.085583999999999833e+03 -8.289811100000000045e-04
7.085823999999999614e+03 -8.908852900000000397e-04
7.086054000000000087e+03 -9.039573900000000056e-04
7.086293999999999869e+03 1.601045799999999998e-03
7.086524000000000342e+03 1.101989399999999970e-03
7.086764000000000124e+03 -1.296565000000000011e-04
7.087003999999999905e+03 1.583359399999999923e-04
7.087234000000000378e+03 -9.517913000000000024e-04
7.087474000000000160e+03 -2.273177199999999992e-03
7.087713999999999942e+03 -2.132068799999999823e-03
7.087944000000000415e+03 -1.521405399999999899e-03
7.088184000000000196e+03 1.376748000000000019e-05
7.088423999999999978e+03 1.657156699999999929e-03
7.088654000000000451e+03 1.024891900000000087e-03
7.088894000000000233e+03 1.050722600000000015e-03
7.089134000000000015e+03 -1.740790600000000077e-03
7.089363999999999578e+03 -1.274394500000000045e-03
7.089604000000000269e+03 -2.334934700000000011e-04
7.089844000000000051e+03 7.454104499999999979e-04
7.090073999999999614e+03 1.687824699999999900e-03
7.090314000000000306e+03 8.457852599999999849e-04
7.090554000000000087e+03 -1.261028800000000031e-03
7.090783999999999651e+03 -1.363680699999999949e-03
7.091024000000000342e+03 2.116818800000000022e-04
7.091264000000000124e+03 -6.952016599999999652e-04
7.091493999999999687e+03 1.487676799999999898e-03
7.091734000000000378e+03 3.399468100000000142e-03
7.091974000000000160e+03 5.895558599999999949e-04
7.092203999999999724e+03 1.410777499999999948e-03
7.092444000000000415e+03 -6.629487800000000370e-04
7.092684000000000196e+03 2.291897800000000044e-03
7.092913999999999760e+03 6.928166499999999662e-04
7.093154000000000451e+03 1.358739299999999969e-03
7.093394000000000233e+03 1.127274300000000043e-03
7.093634000000000015e+03 2.989633099999999821e-03
7.093863999999999578e+03 8.906445600000000452e-04
7.094104000000000269e+03 1.592905300000000031e-03
7.094344000000000051e+03 1.982615400000000208e-03
7.094573999999999614e+03 1.851171100000000014e-03
7.094814000000000306e+03 2.593524500000000000e-03
7.095054000000000087e+03 1.059680200000000006e-04
7.095283999999999651e+03 2.731573599999999932e-03
7.095524000000000342e+03 2.211410400000000053e-04
7.095764000000000124e+03 1.108903299999999944e-03
7.096003999999999905e+03 3.328222899999999911e-03
7.096234000000000378e+03 3.737686000000000047e-03
7.096474000000000160e+03 1.139639499999999970e-03
7.096713999999999942e+03 2.173257200000000122e-03
7.096944000000000415e+03 1.046208500000000031e-03
7.097184000000000196e+03 2.751317699999999890e-03
7.097423999999999978e+03 3.919345999999999768e-03
7.097663999999999760e+03 3.951900300000000046e-03
7.097894000000000233e+03 3.248814599999999813e-03
7.098134000000000015e+03 3.381690299999999798e-03
7.098373999999999796e+03 3.825472800000000173e-03
7.098613999999999578e+03 2.320628099999999961e-03
7.098844000000000051e+03 2.746840700000000197e-03
7.099083999999999833e+03 2.130456000000000190e-03
7.099323999999999614e+03 9.701152299999999664e-04
7.099554000000000087e+03 2.115086099999999997e-03
7.099793999999999869e+03 3.340663900000000099e-03
7.100033999999999651e+03 5.053990199999999593e-03
7.100274000000000342e+03 3.247739700000000160e-03
7.100503999999999905e+03 5.132068499999999783e-03
7.100743999999999687e+03 3.457761499999999905e-03
7.100984000000000378e+03 4.515627599999999693e-03
7.101224000000000160e+03 2.513459300000000108e-03
7.101453999999999724e+03 5.422297700000000206e-03
7.101694000000000415e+03 4.564843199999999920e-03
7.101934000000000196e+03 2.639855400000000116e-03
7.102173999999999978e+03 2.262317600000000005e-03
7.102404000000000451e+03 5.029413299999999608e-03
7.102644000000000233e+03 5.418507700000000163e-03
7.102884000000000015e+03 5.773465099999999794e-03
7.103123999999999796e+03 3.454467799999999967e-03
7.103354000000000269e+03 4.420854200000000171e-03
7.103594000000000051e+03 4.838476599999999746e-03
7.103833999999999833e+03 5.843019500000000248e-03
7.104073999999999614e+03 4.926731400000000302e-03
7.104314000000000306e+03 7.418499000000000274e-03
7.104543999999999869e+03 7.139483400000000424e-03
7.104783999999999651e+03 5.665701599999999755e-03
7.105024000000000342e+03 4.495823999999999827e-03
7.105264000000000124e+03 8.160437799999999825e-03
7.105493999999999687e+03 6.283227100000000204e-03
7.105734000000000378e+03 7.892080600000000307e-03
7.105974000000000160e+03 7.243333400000000373e-03
7.106213999999999942e+03 9.006632400000000663e-03
7.106453999999999724e+03 6.507486199999999894e-03
7.106684000000000196e+03 7.184771199999999587e-03
7.106923999999999978e+03 7.243244200000000313e-03
7.107163999999999760e+03 7.917823200000000117e-03
7.107404000000000451e+03 8.708037499999999806e-03
7.107634000000000015e+03 6.897757600000000225e-03
7.107873999999999796e+03 8.992797199999999491e-03
7.108113999999999578e+03 9.443187699999999393e-03
7.108354000000000269e+03 1.086516400000000007e-02
7.108594000000000051e+03 1.170453999999999939e-02
7.108823999999999614e+03 1.114994400000000017e-02
7.109064000000000306e+03 1.317057200000000018e-02
7.109304000000000087e+03 1.350402499999999936e-02
7.109543999999999869e+03 1.396300999999999966e-02
7.109783999999999651e+03 1.357124799999999930e-02
7.110014000000000124e+03 1.589532700000000076e-02
7.110253999999999905e+03 1.766878599999999883e-02
7.110493999999999687e+03 1.767249099999999851e-02
7.110734000000000378e+03 2.295352299999999998e-02
7.110974000000000160e+03 2.486895600000000109e-02
7.111213999999999942e+03 2.778123999999999871e-02
7.111444000000000415e+03 3.134265399999999757e-02
7.111684000000000196e+03 3.563336799999999860e-02
7.111923999999999978e+03 3.747992099999999938e-02
7.112163999999999760e+03 4.194357399999999736e-02
7.112404000000000451e+03 4.545049100000000258e-02
7.112634000000000015e+03 5.094831200000000254e-02
7.112873999999999796e+03 5.618900100000000231e-02
7.113113999999999578e+03 5.878467099999999668e-02
7.113354000000000269e+03 6.425731899999999330e-02
7.113594000000000051e+03 6.640027599999999419e-02
7.113833999999999833e+03 6.707720799999999928e-02
7.114064000000000306e+03 6.788662700000000494e-02
7.114304000000000087e+03 6.857072399999999956e-02
7.114543999999999869e+03 6.838752900000000245e-02
7.114783999999999651e+03 6.636253699999999922e-02
7.115024000000000342e+03 6.571734299999999751e-02
7.115264000000000124e+03 6.224065799999999732e-02
7.115503999999999905e+03 6.176095200000000091e-02
7.115734000000000378e+03 6.294560400000000222e-02
7.115974000000000160e+03 6.656540599999999364e-02
7.116213999999999942e+03 6.759379000000000082e-02
7.116453999999999724e+03 7.265058700000000258e-02
7.116694000000000415e+03 7.553232000000000002e-02
7.116934000000000196e+03 7.963409899999999986e-02
7.117173999999999978e+03 8.869039099999999343e-02
7.117404000000000451e+03 9.195212099999999777e-02
7.117644000000000233e+03 1.015223299999999940e-01
7.117884000000000015e+03 1.111929100000000059e-01
7.118123999999999796e+03 1.210547000000000012e-01
7.118363999999999578e+03 1.327189199999999902e-01
7.118604000000000269e+03 1.478584099999999957e-01
7.118844000000000051e+03 1.642919200000000080e-01
7.119073999999999614e+03 1.830345300000000008e-01
7.119314000000000306e+03 1.967522499999999896e-01
7.119554000000000087e+03 2.137340399999999863e-01
7.119793999999999869e+03 2.337034100000000003e-01
7.120033999999999651e+03 2.512257399999999752e-01
7.120274000000000342e+03 2.679457199999999983e-01
7.120514000000000124e+03 2.867573900000000009e-01
7.120753999999999905e+03 3.065847099999999825e-01
7.120984000000000378e+03 3.240864199999999862e-01
7.121224000000000160e+03 3.474892600000000220e-01
7.121463999999999942e+03 3.689659800000000267e-01
7.121703999999999724e+03 3.866004900000000188e-01
7.121944000000000415e+03 4.107509999999999772e-01
7.122184000000000196e+03 4.377322499999999894e-01
7.122423999999999978e+03 4.633726400000000023e-01
7.122663999999999760e+03 4.944054800000000083e-01
7.122904000000000451e+03 5.214049600000000284e-01
7.123144000000000233e+03 5.529943699999999573e-01
7.123373999999999796e+03 5.825979799999999598e-01
7.123613999999999578e+03 6.144015499999999630e-01
7.123854000000000269e+03 6.469123199999999851e-01
7.124094000000000051e+03 6.765428900000000079e-01
7.124333999999999833e+03 7.067079400000000344e-01
7.124573999999999614e+03 7.382317000000000462e-01
7.124814000000000306e+03 7.674675100000000194e-01
7.125054000000000087e+03 7.950494200000000067e-01
7.125293999999999869e+03 8.233633200000000096e-01
7.125533999999999651e+03 8.488964500000000246e-01
7.125774000000000342e+03 8.791645900000000236e-01
7.126003999999999905e+03 9.073242099999999644e-01
7.126243999999999687e+03 9.347276700000000105e-01
7.126484000000000378e+03 9.624348200000000242e-01
7.126724000000000160e+03 9.871511600000000275e-01
7.126963999999999942e+03 1.014042399999999899e+00
7.127203999999999724e+03 1.038641300000000101e+00
7.127444000000000415e+03 1.064778699999999967e+00
7.127684000000000196e+03 1.088567000000000062e+00
7.127923999999999978e+03 1.113548399999999994e+00
7.128163999999999760e+03 1.135596100000000108e+00
7.128404000000000451e+03 1.158372100000000016e+00
7.128644000000000233e+03 1.178319799999999917e+00
7.128884000000000015e+03 1.195142799999999950e+00
7.129123999999999796e+03 1.214564399999999988e+00
7.129363999999999578e+03 1.229270700000000049e+00
7.129594000000000051e+03 1.246722600000000014e+00
7.129833999999999833e+03 1.257527700000000026e+00
7.130073999999999614e+03 1.265716700000000028e+00
7.130314000000000306e+03 1.274005000000000054e+00
7.130554000000000087e+03 1.275142699999999962e+00
7.130793999999999869e+03 1.283446800000000110e+00
7.131033999999999651e+03 1.285455599999999921e+00
7.131274000000000342e+03 1.293424200000000024e+00
7.131514000000000124e+03 1.296516900000000083e+00
7.131753999999999905e+03 1.297455699999999990e+00
7.131993999999999687e+03 1.303782800000000019e+00
7.132234000000000378e+03 1.307054799999999961e+00
7.132474000000000160e+03 1.310769599999999979e+00
7.132713999999999942e+03 1.310600399999999999e+00
7.132953999999999724e+03 1.314804599999999990e+00
7.133194000000000415e+03 1.314126700000000092e+00
7.133434000000000196e+03 1.313811999999999980e+00
7.133673999999999978e+03 1.312080099999999971e+00
7.133913999999999760e+03 1.308101900000000040e+00
7.134154000000000451e+03 1.303680500000000020e+00
7.134394000000000233e+03 1.300764599999999938e+00
7.134634000000000015e+03 1.290728199999999992e+00
7.134873999999999796e+03 1.280219299999999949e+00
7.135113999999999578e+03 1.275845499999999966e+00
7.135354000000000269e+03 1.266901499999999903e+00
7.135594000000000051e+03 1.261726899999999985e+00
7.135833999999999833e+03 1.251230700000000029e+00
7.136073999999999614e+03 1.241309100000000054e+00
7.136314000000000306e+03 1.233662700000000001e+00
7.136554000000000087e+03 1.227640800000000088e+00
7.136793999999999869e+03 1.219671399999999961e+00
7.137033999999999651e+03 1.211823600000000001e+00
7.137274000000000342e+03 1.207152199999999898e+00
7.137514000000000124e+03 1.202512699999999990e+00
7.137753999999999905e+03 1.194927700000000037e+00
7.137993999999999687e+03 1.186513900000000010e+00
7.138234000000000378e+03 1.184317599999999970e+00
7.138474000000000160e+03 1.173623700000000047e+00
7.138713999999999942e+03 1.168520699999999968e+00
7.138953999999999724e+03 1.164027399999999934e+00
7.139194000000000415e+03 1.153487399999999941e+00
7.139434000000000196e+03 1.146790900000000057e+00
7.139673999999999978e+03 1.142559700000000067e+00
7.139913999999999760e+03 1.132905800000000074e+00
7.140154000000000451e+03 1.124711100000000075e+00
7.140394000000000233e+03 1.119175999999999949e+00
7.140634000000000015e+03 1.112354000000000065e+00
7.140873999999999796e+03 1.103306200000000015e+00
7.141113999999999578e+03 1.097666299999999984e+00
7.141354000000000269e+03 1.089564800000000000e+00
7.141594000000000051e+03 1.081622199999999978e+00
7.141833999999999833e+03 1.076492100000000063e+00
7.142073999999999614e+03 1.072727299999999939e+00
7.142314000000000306e+03 1.067221200000000092e+00
7.142554000000000087e+03 1.060643199999999897e+00
7.142793999999999869e+03 1.055554199999999998e+00
7.143033999999999651e+03 1.048800299999999908e+00
7.143274000000000342e+03 1.044898199999999999e+00
7.143514000000000124e+03 1.041048299999999927e+00
7.143753999999999905e+03 1.035363299999999986e+00
7.143993999999999687e+03 1.033204299999999964e+00
7.144234000000000378e+03 1.031081499999999984e+00
7.144474000000000160e+03 1.029371400000000047e+00
7.144713999999999942e+03 1.027421399999999929e+00
7.144953999999999724e+03 1.022304799999999902e+00
7.145203999999999724e+03 1.020049999999999901e+00
7.145444000000000415e+03 1.018624500000000044e+00
7.145684000000000196e+03 1.018297100000000066e+00
7.145923999999999978e+03 1.015928500000000012e+00
7.146163999999999760e+03 1.014772699999999972e+00
7.146404000000000451e+03 1.012872500000000064e+00
7.146644000000000233e+03 1.012095699999999932e+00
7.146884000000000015e+03 1.008477000000000068e+00
7.147123999999999796e+03 1.006243699999999963e+00
7.147363999999999578e+03 1.006844199999999967e+00
7.147604000000000269e+03 1.002515100000000103e+00
7.147844000000000051e+03 1.002497799999999994e+00
7.148083999999999833e+03 9.969771099999999997e-01
7.148323999999999614e+03 9.943029300000000292e-01
7.148564000000000306e+03 9.934747600000000123e-01
7.148814000000000306e+03 9.875772900000000520e-01
7.149054000000000087e+03 9.828542500000000404e-01
7.149293999999999869e+03 9.808356099999999689e-01
7.149533999999999651e+03 9.757577899999999582e-01
7.149774000000000342e+03 9.723446199999999928e-01
7.150014000000000124e+03 9.693312600000000279e-01
7.150253999999999905e+03 9.642417599999999478e-01
7.150493999999999687e+03 9.596429300000000051e-01
7.150734000000000378e+03 9.560445199999999533e-01
7.150974000000000160e+03 9.503212899999999852e-01
7.151213999999999942e+03 9.444254399999999494e-01
7.151463999999999942e+03 9.394165300000000274e-01
7.151703999999999724e+03 9.379261899999999930e-01
7.151944000000000415e+03 9.346445700000000079e-01
7.152184000000000196e+03 9.329196199999999495e-01
7.152423999999999978e+03 9.286201200000000489e-01
7.152663999999999760e+03 9.261323900000000275e-01
7.152904000000000451e+03 9.226907500000000040e-01
7.153144000000000233e+03 9.201011799999999630e-01
7.153384000000000015e+03 9.133854099999999532e-01
7.153623999999999796e+03 9.116245499999999780e-01
7.153873999999999796e+03 9.097665200000000230e-01
7.154113999999999578e+03 9.077294999999999670e-01
7.154354000000000269e+03 9.026532499999999626e-01
7.154594000000000051e+03 9.018115500000000173e-01
7.154833999999999833e+03 8.997472899999999774e-01
7.155073999999999614e+03 8.973951599999999695e-01
7.155314000000000306e+03 8.936811199999999955e-01
7.155554000000000087e+03 8.916614999999999958e-01
7.155804000000000087e+03 8.864872400000000097e-01
7.156043999999999869e+03 8.885267700000000213e-01
7.156283999999999651e+03 8.848104900000000050e-01
7.156524000000000342e+03 8.825817999999999719e-01
7.156764000000000124e+03 8.794300299999999737e-01
7.157003999999999905e+03 8.773777099999999773e-01
7.157243999999999687e+03 8.745823600000000031e-01
7.157493999999999687e+03 8.752460499999999977e-01
7.157734000000000378e+03 8.726330100000000423e-01
7.157974000000000160e+03 8.698312299999999553e-01
7.158213999999999942e+03 8.692988000000000381e-01
7.158453999999999724e+03 8.665136900000000031e-01
7.158694000000000415e+03 8.655184000000000211e-01
7.158934000000000196e+03 8.658773600000000403e-01
7.159184000000000196e+03 8.637805499999999803e-01
7.159423999999999978e+03 8.618879900000000482e-01
7.159663999999999760e+03 8.628324800000000128e-01
7.159904000000000451e+03 8.640310599999999619e-01
7.160144000000000233e+03 8.628299400000000174e-01
7.160384000000000015e+03 8.605414200000000013e-01
7.160634000000000015e+03 8.616494700000000284e-01
7.160873999999999796e+03 8.600569999999999604e-01
7.161113999999999578e+03 8.609173700000000151e-01
7.161354000000000269e+03 8.628331099999999587e-01
7.161594000000000051e+03 8.630797900000000134e-01
7.161833999999999833e+03 8.632594000000000101e-01
7.162083999999999833e+03 8.655786899999999839e-01
7.162323999999999614e+03 8.615824300000000102e-01
7.162564000000000306e+03 8.631656399999999563e-01
7.162804000000000087e+03 8.653555400000000342e-01
7.163043999999999869e+03 8.663227399999999800e-01
7.163283999999999651e+03 8.702898900000000104e-01
7.163533999999999651e+03 8.710327700000000117e-01
7.163774000000000342e+03 8.733103399999999628e-01
7.164014000000000124e+03 8.736355399999999882e-01
7.164253999999999905e+03 8.736945799999999984e-01
7.164493999999999687e+03 8.742719899999999988e-01
7.164743999999999687e+03 8.759988199999999559e-01
7.164984000000000378e+03 8.778859199999999863e-01
7.165224000000000160e+03 8.828541600000000544e-01
7.165463999999999942e+03 8.816361400000000126e-01
7.165703999999999724e+03 8.861458399999999624e-01
7.165953999999999724e+03 8.856341500000000089e-01
7.166194000000000415e+03 8.865322300000000322e-01
7.166434000000000196e+03 8.890336800000000483e-01
7.166673999999999978e+03 8.912286299999999661e-01
7.166913999999999760e+03 8.935702699999999998e-01
7.167163999999999760e+03 8.996310800000000274e-01
7.167404000000000451e+03 9.001113499999999767e-01
7.167644000000000233e+03 9.013462700000000050e-01
7.167884000000000015e+03 9.024507600000000185e-01
7.168123999999999796e+03 9.047368700000000263e-01
7.168373999999999796e+03 9.033905599999999536e-01
7.168613999999999578e+03 9.046977000000000491e-01
7.168854000000000269e+03 9.088943200000000333e-01
7.169094000000000051e+03 9.143695499999999754e-01
7.169344000000000051e+03 9.170526700000000142e-01
7.169583999999999833e+03 9.202093500000000370e-01
7.169823999999999614e+03 9.215768899999999819e-01
7.170064000000000306e+03 9.240540299999999707e-01
7.170304000000000087e+03 9.270716799999999536e-01
7.170554000000000087e+03 9.275037600000000104e-01
7.170793999999999869e+03 9.346925400000000161e-01
7.171033999999999651e+03 9.361227800000000432e-01
7.171274000000000342e+03 9.404539600000000332e-01
7.171524000000000342e+03 9.436095700000000086e-01
7.171764000000000124e+03 9.475071699999999542e-01
7.172003999999999905e+03 9.498015600000000447e-01
7.172243999999999687e+03 9.515431500000000042e-01
7.172493999999999687e+03 9.554624600000000134e-01
7.172734000000000378e+03 9.591470399999999508e-01
7.172974000000000160e+03 9.630915500000000184e-01
7.173213999999999942e+03 9.701646000000000436e-01
7.173463999999999942e+03 9.724031300000000044e-01
7.173703999999999724e+03 9.754496499999999459e-01
7.173944000000000415e+03 9.785080099999999836e-01
7.174184000000000196e+03 9.822144299999999717e-01
7.174434000000000196e+03 9.834788500000000155e-01
7.174673999999999978e+03 9.885791400000000229e-01
7.174913999999999760e+03 9.940928900000000068e-01
7.175154000000000451e+03 9.968040000000000234e-01
7.175404000000000451e+03 1.000392699999999913e+00
7.175644000000000233e+03 1.003469699999999909e+00
7.175884000000000015e+03 1.004491299999999976e+00
7.176123999999999796e+03 1.009367200000000020e+00
7.176373999999999796e+03 1.014362200000000103e+00
7.176613999999999578e+03 1.014276299999999909e+00
7.176854000000000269e+03 1.016315999999999997e+00
7.177104000000000269e+03 1.016975699999999927e+00
7.177344000000000051e+03 1.022481100000000032e+00
7.177583999999999833e+03 1.022041699999999942e+00
7.177823999999999614e+03 1.023563000000000001e+00
7.178073999999999614e+03 1.024640999999999913e+00
7.178314000000000306e+03 1.027877099999999988e+00
7.178554000000000087e+03 1.026555499999999954e+00
7.178804000000000087e+03 1.029020199999999940e+00
7.179043999999999869e+03 1.029486399999999913e+00
7.179283999999999651e+03 1.031698299999999957e+00
7.179524000000000342e+03 1.033473899999999945e+00
7.179774000000000342e+03 1.033991600000000011e+00
7.180014000000000124e+03 1.036166600000000049e+00
7.180253999999999905e+03 1.034383800000000075e+00
7.180503999999999905e+03 1.035162399999999927e+00
7.180743999999999687e+03 1.034474300000000069e+00
7.180984000000000378e+03 1.036801199999999978e+00
7.181234000000000378e+03 1.037073899999999993e+00
7.181474000000000160e+03 1.039596100000000023e+00
7.181713999999999942e+03 1.036704800000000093e+00
7.181963999999999942e+03 1.039728599999999892e+00
7.182203999999999724e+03 1.040169099999999958e+00
7.182444000000000415e+03 1.040894100000000044e+00
7.182684000000000196e+03 1.039833400000000019e+00
7.182934000000000196e+03 1.036716100000000029e+00
7.183173999999999978e+03 1.038318400000000086e+00
7.183413999999999760e+03 1.039246099999999950e+00
7.183663999999999760e+03 1.038939400000000068e+00
7.183904000000000451e+03 1.040134399999999903e+00
7.184144000000000233e+03 1.041512500000000063e+00
7.184394000000000233e+03 1.040403600000000095e+00
7.184634000000000015e+03 1.039233499999999921e+00
7.184873999999999796e+03 1.038812400000000080e+00
7.185123999999999796e+03 1.039383900000000027e+00
7.185363999999999578e+03 1.038862100000000011e+00
7.185604000000000269e+03 1.037818300000000082e+00
7.185854000000000269e+03 1.038083099999999925e+00
7.186094000000000051e+03 1.041835199999999961e+00
7.186333999999999833e+03 1.039502699999999891e+00
7.186583999999999833e+03 1.039473300000000044e+00
7.186823999999999614e+03 1.039487000000000050e+00
7.187073999999999614e+03 1.035689400000000093e+00
7.187314000000000306e+03 1.037143900000000007e+00
7.187554000000000087e+03 1.036878200000000083e+00
7.187804000000000087e+03 1.037361100000000036e+00
7.188043999999999869e+03 1.035799600000000042e+00
7.188283999999999651e+03 1.037962899999999911e+00
7.188533999999999651e+03 1.038159700000000019e+00
7.188774000000000342e+03 1.037328000000000028e+00
7.189014000000000124e+03 1.037589799999999896e+00
7.189264000000000124e+03 1.037587400000000049e+00
7.189503999999999905e+03 1.035068600000000005e+00
7.189743999999999687e+03 1.036818500000000087e+00
7.189993999999999687e+03 1.037041799999999903e+00
7.190234000000000378e+03 1.032921500000000048e+00
7.190484000000000378e+03 1.035254600000000025e+00
7.190724000000000160e+03 1.036203900000000067e+00
7.190963999999999942e+03 1.036575900000000106e+00
7.191213999999999942e+03 1.037293400000000032e+00
7.191453999999999724e+03 1.035266299999999973e+00
7.191694000000000415e+03 1.033807600000000049e+00
7.191944000000000415e+03 1.035320100000000076e+00
7.192184000000000196e+03 1.035184600000000010e+00
7.192434000000000196e+03 1.033304500000000070e+00
7.192673999999999978e+03 1.032451699999999972e+00
7.192913999999999760e+03 1.032841300000000073e+00
7.193163999999999760e+03 1.033165600000000017e+00
7.193404000000000451e+03 1.033163599999999960e+00
7.193654000000000451e+03 1.032589500000000049e+00
7.193894000000000233e+03 1.032001399999999958e+00
7.194134000000000015e+03 1.033043200000000050e+00
7.194384000000000015e+03 1.029300899999999963e+00
7.194623999999999796e+03 1.030075300000000027e+00
7.194873999999999796e+03 1.028176299999999932e+00
7.195113999999999578e+03 1.029504900000000056e+00
7.195354000000000269e+03 1.030219900000000077e+00
7.195604000000000269e+03 1.027102900000000041e+00
7.195844000000000051e+03 1.025449099999999891e+00
7.196094000000000051e+03 1.026247799999999932e+00
7.196333999999999833e+03 1.026586100000000057e+00
7.196573999999999614e+03 1.024950199999999922e+00
7.196823999999999614e+03 1.023900199999999927e+00
7.197064000000000306e+03 1.022290700000000108e+00
7.197314000000000306e+03 1.021286499999999986e+00
7.197554000000000087e+03 1.022631199999999962e+00
7.197804000000000087e+03 1.020930799999999916e+00
7.198043999999999869e+03 1.020731899999999914e+00
7.198283999999999651e+03 1.019873900000000111e+00
7.198533999999999651e+03 1.018510800000000049e+00
7.198774000000000342e+03 1.018888699999999981e+00
7.199024000000000342e+03 1.017725599999999897e+00
7.199264000000000124e+03 1.017681599999999964e+00
7.199514000000000124e+03 1.013554599999999972e+00
7.199753999999999905e+03 1.014246600000000109e+00
7.199993999999999687e+03 1.015340399999999921e+00
7.200243999999999687e+03 1.012503900000000012e+00
7.200484000000000378e+03 1.013025199999999959e+00
7.200734000000000378e+03 1.011182699999999990e+00
7.200974000000000160e+03 1.012192699999999945e+00
7.201224000000000160e+03 1.010575599999999907e+00
7.201463999999999942e+03 1.011699200000000021e+00
7.201713999999999942e+03 1.009260499999999894e+00
7.201953999999999724e+03 1.007648000000000099e+00
7.202203999999999724e+03 1.008518800000000049e+00
7.202444000000000415e+03 1.008976099999999931e+00
7.202684000000000196e+03 1.003139400000000014e+00
7.202934000000000196e+03 1.001472300000000093e+00
7.203173999999999978e+03 1.001818300000000050e+00
7.203423999999999978e+03 1.002977100000000066e+00
7.203663999999999760e+03 1.003163900000000108e+00
7.203913999999999760e+03 1.002433399999999919e+00
7.204154000000000451e+03 1.000686900000000046e+00
7.204404000000000451e+03 9.985329699999999642e-01
7.204644000000000233e+03 9.990499400000000252e-01
7.204894000000000233e+03 9.961306399999999561e-01
7.205134000000000015e+03 9.951517899999999806e-01
7.205384000000000015e+03 9.966014499999999998e-01
7.205623999999999796e+03 9.954686499999999549e-01
7.205873999999999796e+03 9.946632699999999883e-01
7.206113999999999578e+03 9.924914200000000131e-01
7.206363999999999578e+03 9.939748900000000553e-01
7.206604000000000269e+03 9.916351399999999705e-01
7.206854000000000269e+03 9.933026900000000436e-01
7.207094000000000051e+03 9.905057999999999918e-01
7.207344000000000051e+03 9.888416799999999451e-01
7.207583999999999833e+03 9.881052000000000168e-01
7.207823999999999614e+03 9.859862600000000032e-01
7.208073999999999614e+03 9.892788599999999821e-01
7.208314000000000306e+03 9.882871500000000031e-01
7.208564000000000306e+03 9.864934100000000150e-01
7.208804000000000087e+03 9.866729800000000328e-01
7.209054000000000087e+03 9.866131099999999599e-01
7.209304000000000087e+03 9.859973400000000554e-01
7.209543999999999869e+03 9.862904700000000302e-01
7.209793999999999869e+03 9.871916800000000158e-01
7.210033999999999651e+03 9.833631000000000455e-01
7.210283999999999651e+03 9.833967599999999809e-01
7.210524000000000342e+03 9.831134400000000051e-01
7.210774000000000342e+03 9.844894199999999485e-01
7.211014000000000124e+03 9.834330000000000016e-01
7.211264000000000124e+03 9.859694100000000461e-01
7.211503999999999905e+03 9.819433600000000428e-01
7.211753999999999905e+03 9.826048600000000244e-01
7.211993999999999687e+03 9.821999999999999620e-01
7.212243999999999687e+03 9.802488400000000102e-01
7.212484000000000378e+03 9.794928299999999810e-01
7.212734000000000378e+03 9.822418899999999509e-01
7.212974000000000160e+03 9.839866499999999627e-01
7.213224000000000160e+03 9.812498299999999896e-01
7.213463999999999942e+03 9.846482199999999629e-01
7.213713999999999942e+03 9.810578300000000196e-01
7.213953999999999724e+03 9.812554399999999788e-01
7.214203999999999724e+03 9.811335599999999602e-01
7.214453999999999724e+03 9.827778499999999529e-01
7.214694000000000415e+03 9.822820100000000387e-01
7.214944000000000415e+03 9.819679599999999731e-01
7.215184000000000196e+03 9.806598899999999785e-01
7.215434000000000196e+03 9.830862500000000503e-01
7.215673999999999978e+03 9.811911100000000330e-01
7.215923999999999978e+03 9.811929099999999737e-01
7.216163999999999760e+03 9.808705500000000077e-01
7.216413999999999760e+03 9.826298900000000058e-01
7.216663999999999760e+03 9.834536799999999968e-01
7.216904000000000451e+03 9.826106300000000404e-01
7.217154000000000451e+03 9.815145699999999751e-01
7.217394000000000233e+03 9.824579500000000243e-01
7.217644000000000233e+03 9.813852899999999657e-01
7.217884000000000015e+03 9.830831199999999770e-01
7.218134000000000015e+03 9.828439799999999504e-01
7.218373999999999796e+03 9.859256600000000370e-01
7.218623999999999796e+03 9.823859900000000422e-01
7.218873999999999796e+03 9.857983500000000454e-01
7.219113999999999578e+03 9.852259399999999667e-01
7.219363999999999578e+03 9.846730299999999492e-01
7.219604000000000269e+03 9.859493799999999863e-01
7.219854000000000269e+03 9.867518800000000256e-01
7.220104000000000269e+03 9.876194499999999543e-01
7.220344000000000051e+03 9.881600999999999857e-01
7.220594000000000051e+03 9.868399300000000318e-01
7.220833999999999833e+03 9.875142199999999981e-01
7.221083999999999833e+03 9.891052999999999651e-01
7.221323999999999614e+03 9.903231200000000012e-01
7.221573999999999614e+03 9.890848800000000551e-01
7.221823999999999614e+03 9.894859000000000293e-01
7.222064000000000306e+03 9.894436500000000079e-01
7.222314000000000306e+03 9.894030499999999506e-01
7.222554000000000087e+03 9.887971399999999633e-01
7.222804000000000087e+03 9.895153300000000263e-01
7.223054000000000087e+03 9.896385300000000163e-01
7.223293999999999869e+03 9.911359199999999481e-01
7.223543999999999869e+03 9.901281600000000349e-01
7.223783999999999651e+03 9.925652600000000048e-01
7.224033999999999651e+03 9.919885400000000297e-01
7.224283999999999651e+03 9.893526799999999843e-01
7.224524000000000342e+03 9.916845499999999980e-01
7.224774000000000342e+03 9.924896300000000116e-01
7.225024000000000342e+03 9.933560500000000459e-01
7.225264000000000124e+03 9.910583800000000165e-01
7.225514000000000124e+03 9.937311899999999865e-01
7.225753999999999905e+03 9.935928899999999508e-01
7.226003999999999905e+03 9.924215899999999646e-01
7.226253999999999905e+03 9.932153599999999916e-01
7.226493999999999687e+03 9.905835800000000191e-01
7.226743999999999687e+03 9.938196999999999726e-01
7.226993999999999687e+03 9.947521900000000361e-01
7.227234000000000378e+03 9.924495199999999739e-01
7.227484000000000378e+03 9.936435599999999813e-01
7.227724000000000160e+03 9.952780199999999855e-01
7.227974000000000160e+03 9.943519600000000347e-01
7.228224000000000160e+03 9.933183899999999955e-01
7.228463999999999942e+03 9.914526700000000359e-01
7.228713999999999942e+03 9.910864799999999919e-01
7.228963999999999942e+03 9.908970700000000464e-01
7.229203999999999724e+03 9.926449099999999914e-01
7.229453999999999724e+03 9.905709799999999898e-01
7.229703999999999724e+03 9.928601500000000524e-01
7.229944000000000415e+03 9.922273099999999735e-01
7.230194000000000415e+03 9.898820900000000478e-01
7.230444000000000415e+03 9.916895199999999910e-01
7.230684000000000196e+03 9.914327800000000135e-01
7.230934000000000196e+03 9.907975700000000163e-01
7.231184000000000196e+03 9.901026099999999941e-01
7.231423999999999978e+03 9.923863499999999727e-01
7.231673999999999978e+03 9.893110000000000515e-01
7.231923999999999978e+03 9.895319599999999882e-01
7.232163999999999760e+03 9.897287299999999455e-01
7.232413999999999760e+03 9.919782000000000322e-01
7.232663999999999760e+03 9.882518099999999528e-01
7.232904000000000451e+03 9.892379900000000115e-01
7.233894000000000233e+03 9.864870100000000530e-01
7.236113999999999578e+03 9.871313499999999630e-01
7.238463999999999942e+03 9.886011599999999788e-01
7.240684000000000196e+03 9.864570099999999675e-01
7.243033999999999651e+03 9.895887899999999959e-01
7.245394000000000233e+03 9.875950100000000509e-01
7.247743999999999687e+03 9.881475299999999962e-01
7.250094000000000051e+03 9.877249000000000168e-01
7.254814000000000306e+03 9.886549700000000218e-01
7.257293999999999869e+03 9.904726799999999942e-01
7.259783999999999651e+03 9.944567500000000004e-01
7.262264000000000124e+03 1.002583199999999897e+00
7.264753999999999905e+03 1.004977999999999927e+00
7.267243999999999687e+03 1.009718600000000022e+00
7.272363999999999578e+03 1.014272499999999910e+00
7.274854000000000269e+03 1.015919299999999970e+00
7.277484000000000378e+03 1.016614399999999918e+00
7.280104000000000269e+03 1.016689200000000071e+00
7.282734000000000378e+03 1.019788899999999998e+00
7.285363999999999578e+03 1.018467599999999917e+00
7.288113999999999578e+03 1.017695500000000086e+00
7.290753999999999905e+03 1.015385600000000110e+00
7.293514000000000124e+03 1.012923900000000099e+00
7.296274000000000342e+03 1.009734799999999932e+00
7.299043999999999869e+03 1.011910700000000052e+00
7.301804000000000087e+03 1.006859900000000030e+00
7.304573999999999614e+03 1.003857599999999906e+00
7.307474000000000160e+03 1.000210899999999903e+00
7.310243999999999687e+03 9.950629500000000016e-01
7.313154000000000451e+03 9.927109899999999598e-01
7.316054000000000087e+03 9.911714400000000147e-01
7.318963999999999942e+03 9.889851899999999585e-01
7.324783999999999651e+03 9.889540700000000184e-01
7.327823999999999614e+03 9.889467100000000066e-01
7.330743999999999687e+03 9.904534600000000077e-01
7.333783999999999651e+03 9.947892200000000296e-01
7.336833999999999833e+03 9.973921300000000434e-01
7.339884000000000015e+03 1.002702399999999994e+00
7.342944000000000415e+03 1.004392799999999975e+00
7.345993999999999687e+03 1.005848300000000028e+00
7.349184000000000196e+03 1.009188500000000044e+00
7.352243999999999687e+03 1.006646799999999953e+00
7.355444000000000415e+03 1.005076800000000103e+00
7.358634000000000015e+03 1.002723999999999949e+00
7.361833999999999833e+03 1.003652999999999906e+00
7.365033999999999651e+03 1.003215100000000026e+00
7.368234000000000378e+03 9.995912500000000422e-01
7.371573999999999614e+03 9.982422100000000187e-01
7.374783999999999651e+03 9.969635599999999709e-01
7.378123999999999796e+03 9.966242600000000396e-01
7.381474000000000160e+03 9.958052299999999857e-01
7.384814000000000306e+03 9.950498800000000532e-01
7.388163999999999760e+03 9.942579999999999751e-01
7.391524000000000342e+03 9.936132800000000431e-01
7.394884000000000015e+03 9.960296800000000284e-01
7.398373999999999796e+03 9.961243899999999707e-01
7.405234000000000378e+03 1.000154900000000069e+00
7.408734000000000378e+03 1.003169699999999942e+00
7.412234000000000378e+03 1.004682499999999923e+00
7.415743999999999687e+03 1.006146900000000066e+00
7.422894000000000233e+03 1.005851800000000074e+00
7.426543999999999869e+03 1.005006499999999914e+00
7.430064000000000306e+03 1.005011099999999935e+00
7.433713999999999942e+03 1.002840699999999918e+00
7.437373999999999796e+03 1.000292600000000087e+00
7.441033999999999651e+03 9.968973599999999546e-01
7.444703999999999724e+03 9.976383199999999674e-01
7.448503999999999905e+03 9.955427999999999500e-01
7.452173999999999978e+03 9.950780399999999970e-01
7.455984000000000378e+03 9.954631600000000136e-01
7.459673999999999978e+03 9.964755699999999772e-01
7.463484000000000378e+03 9.973872999999999767e-01
7.467304000000000087e+03 9.989999600000000202e-01
7.471134000000000015e+03 9.984438399999999714e-01
7.474963999999999942e+03 1.001143600000000022e+00
7.478923999999999978e+03 1.002030900000000058e+00
7.482764000000000124e+03 1.002131000000000105e+00
7.486734000000000378e+03 1.002558800000000083e+00
7.490713999999999942e+03 1.002399400000000051e+00
7.494564000000000306e+03 1.002917000000000058e+00
7.498554000000000087e+03 1.003592599999999946e+00
7.502543999999999869e+03 1.001805000000000057e+00
7.506673999999999978e+03 1.001667000000000085e+00
7.510673999999999978e+03 1.002407700000000013e+00
7.514684000000000196e+03 1.000641200000000008e+00
7.518823999999999614e+03 1.000850500000000087e+00
7.527123999999999796e+03 1.000793199999999938e+00
7.531144000000000233e+03 1.001136699999999990e+00
7.535304000000000087e+03 1.000659100000000024e+00
7.539604000000000269e+03 9.998589300000000346e-01
7.543783999999999651e+03 9.994296299999999578e-01
7.547953999999999724e+03 1.000454500000000024e+00
7.552274000000000342e+03 1.001168199999999953e+00
7.556453999999999724e+03 1.000563899999999951e+00
7.560783999999999651e+03 1.000283999999999951e+00
7.565113999999999578e+03 1.000394900000000087e+00
7.569453999999999724e+03 1.001118399999999964e+00
7.573793999999999869e+03 1.001897800000000061e+00
7.578144000000000233e+03 1.000915299999999952e+00
7.582623999999999796e+03 1.001049999999999995e+00
7.586984000000000378e+03 1.000980299999999934e+00
7.591484000000000378e+03 9.998701700000000026e-01
7.595854000000000269e+03 9.996515400000000051e-01
7.600363999999999578e+03 9.995415699999999903e-01
7.604873999999999796e+03 9.994393200000000199e-01
7.609404000000000451e+03 9.985735700000000215e-01
7.613923999999999978e+03 9.985497599999999530e-01
7.618453999999999724e+03 9.990347499999999714e-01
7.623134000000000015e+03 9.982394799999999568e-01
7.627673999999999978e+03 9.983099100000000226e-01
7.632363999999999578e+03 9.987652399999999986e-01
7.636913999999999760e+03 9.987546499999999661e-01
7.641613999999999578e+03 9.986269300000000237e-01
7.646323999999999614e+03 9.980827700000000080e-01
7.651033999999999651e+03 9.972382499999999927e-01
7.655753999999999905e+03 9.972575900000000271e-01
7.660474000000000160e+03 9.979732300000000444e-01
7.665203999999999724e+03 9.984498000000000539e-01
7.670073999999999614e+03 9.986420299999999584e-01
7.674814000000000306e+03 9.985531899999999794e-01
7.679703999999999724e+03 9.996583700000000183e-01
7.684453999999999724e+03 1.000331700000000046e+00
7.689354000000000269e+03 1.001100700000000066e+00
7.694264000000000124e+03 1.000154500000000057e+00
7.699173999999999978e+03 1.000794600000000090e+00
7.704094000000000051e+03 1.000667999999999891e+00
7.714094000000000051e+03 1.001081899999999969e+00
7.724123999999999796e+03 1.001222499999999904e+00
7.729073999999999614e+03 1.000653699999999979e+00
7.734173999999999978e+03 1.000221500000000097e+00
7.739283999999999651e+03 1.000387200000000032e+00
7.744253999999999905e+03 1.000515999999999961e+00
7.749373999999999796e+03 9.998888200000000115e-01
7.754644000000000233e+03 9.996985999999999928e-01
7.759783999999999651e+03 9.996100399999999775e-01
7.764923999999999978e+03 9.996524700000000152e-01
7.770073999999999614e+03 9.998739500000000113e-01
7.775373999999999796e+03 9.998479999999999590e-01
7.785854000000000269e+03 9.999915000000000331e-01
7.791173999999999978e+03 1.000538499999999997e+00
7.796363999999999578e+03 1.000833300000000037e+00
7.801694000000000415e+03 9.999906600000000312e-01
7.807043999999999869e+03 1.000969599999999904e+00
7.812543999999999869e+03 1.000918500000000044e+00
7.817904000000000451e+03 1.000902900000000040e+00
7.823264000000000124e+03 1.000189199999999889e+00
7.828644000000000233e+03 1.000241600000000064e+00
7.834173999999999978e+03 9.997317500000000301e-01
7.839564000000000306e+03 1.000366700000000053e+00
7.845104000000000269e+03 1.000480199999999931e+00
7.850663999999999760e+03 1.001124499999999973e+00
7.856073999999999614e+03 1.000655000000000072e+00
7.861644000000000233e+03 1.000134499999999926e+00
7.872804000000000087e+03 9.990558499999999675e-01
7.878543999999999869e+03 9.997797099999999881e-01
7.884144000000000233e+03 9.992849900000000396e-01
7.889764000000000124e+03 9.994657599999999809e-01
7.895373999999999796e+03 9.988573400000000380e-01
7.901154000000000451e+03 9.998096899999999732e-01
7.906783999999999651e+03 1.000800899999999993e+00
7.912583999999999833e+03 1.000054900000000080e+00
